   1.0175869e+03   6.1639666e+02
   9.6990623e+02   6.3373510e+02
   9.1138901e+02   6.6841197e+02
   8.7454483e+02   7.1175806e+02
   8.4853717e+02   7.4860224e+02
   8.2686413e+02   7.9194833e+02
   8.0735839e+02   8.4179634e+02
   8.0735839e+02   9.0031356e+02
   8.2036222e+02   9.4582695e+02
   8.5720639e+02   1.0195153e+03
   8.9838518e+02   1.0650287e+03
   9.5690240e+02   1.1278805e+03
   1.0154196e+03   1.1538882e+03
   1.0934426e+03   1.1495536e+03
   1.1671309e+03   1.1257132e+03
   1.2191463e+03   1.0736979e+03
   1.2668270e+03   1.0000096e+03
   1.3015038e+03   9.0898278e+02
   1.2928346e+03   8.1795599e+02
   1.2798308e+03   7.7027529e+02
   1.2516558e+03   7.1609267e+02
   1.2018078e+03   6.6841197e+02
   1.1562944e+03   6.4457162e+02
   1.0804388e+03   6.2506588e+02
