   1.1141491e+03   7.9329549e+02
   1.1619189e+03   7.8433866e+02
   1.2086935e+03   7.8234825e+02
   1.2644249e+03   8.0026192e+02
   1.3111994e+03   8.2613721e+02
   1.3569788e+03   8.5798372e+02
   1.3977821e+03   9.1968633e+02
   1.4147006e+03   9.9432659e+02
   1.3928061e+03   1.0968325e+03
   1.3350843e+03   1.1913769e+03
   1.2514872e+03   1.2311850e+03
   1.1400244e+03   1.2351658e+03
   1.0554321e+03   1.2063049e+03
   9.9472473e+02   1.1525639e+03
   9.7183505e+02   1.0828997e+03
   9.5292618e+02   1.0022882e+03
   9.7780627e+02   9.0475828e+02
   1.0395089e+03   8.2215639e+02
