   1.3754858e+03   7.7979384e+02
   1.3174953e+03   7.4622038e+02
   1.2564526e+03   7.2485545e+02
   1.2015142e+03   7.1875118e+02
   1.1343673e+03   7.3401185e+02
   1.0916374e+03   7.5232464e+02
   1.0550118e+03   7.8589810e+02
   1.0122820e+03   8.3473223e+02
   9.8481280e+02   8.8356635e+02
   9.6650000e+02   9.5376540e+02
   9.6344787e+02   1.0270166e+03
   9.7260427e+02   1.1307891e+03
   1.0336469e+03   1.1857275e+03
   1.1068981e+03   1.2345616e+03
   1.1862536e+03   1.2376137e+03
   1.2656090e+03   1.2345616e+03
   1.3327559e+03   1.2101445e+03
   1.3999028e+03   1.1521540e+03
   1.4395806e+03   1.0850071e+03
   1.4609455e+03   1.0209123e+03
   1.4609455e+03   9.2629621e+02
   1.4487370e+03   8.7440995e+02
   1.4273720e+03   8.3778436e+02
