   1.3491845e+03   7.6594068e+02
   1.3838614e+03   7.7244259e+02
   1.4358767e+03   7.8327911e+02
   1.4553825e+03   8.1578868e+02
   1.4467132e+03   8.6346938e+02
   1.4553825e+03   9.0898278e+02
   1.4532151e+03   9.5883078e+02
   1.4358767e+03   1.0000096e+03
   1.4142037e+03   1.0433557e+03
   1.3686903e+03   1.0671960e+03
   1.3145077e+03   1.0910364e+03
   1.2603250e+03   1.0715306e+03
   1.2321501e+03   1.0541922e+03
   1.2039751e+03   1.0281845e+03
   1.1909713e+03   9.6316539e+02
   1.2018078e+03   9.1548469e+02
   1.2126443e+03   8.6130208e+02
   1.2364847e+03   8.1362138e+02
   1.2906673e+03   7.7460989e+02
