   1.1586271e+03   1.1600175e+03
   1.1922412e+03   1.1814084e+03
   1.2411346e+03   1.2027992e+03
   1.2778046e+03   1.2119667e+03
   1.3266979e+03   1.2211342e+03
   1.3878146e+03   1.1997434e+03
   1.4275404e+03   1.1814084e+03
   1.4611546e+03   1.1569617e+03
   1.4917130e+03   1.1172359e+03
   1.5192155e+03   1.0500075e+03
   1.5253271e+03   1.0225050e+03
   1.5222713e+03   9.7055583e+02
   1.5039363e+03   9.2777416e+02
   1.4794896e+03   8.8193665e+02
   1.4397638e+03   8.2693164e+02
   1.3908704e+03   7.8720580e+02
   1.3511446e+03   7.5359162e+02
   1.3175304e+03   7.5053579e+02
   1.2625254e+03   7.4136829e+02
   1.2227996e+03   7.5053579e+02
   1.1922412e+03   7.6887079e+02
   1.1402921e+03   7.9637330e+02
   1.1036220e+03   8.4526664e+02
   1.0791754e+03   8.8499248e+02
   1.0700079e+03   9.1555082e+02
   1.0669520e+03   9.6750000e+02
   1.0730637e+03   1.0194492e+03
   1.0852870e+03   1.0744542e+03
   1.1066779e+03   1.1172359e+03
