   1.3725354e+03   1.0805659e+03
   1.4214288e+03   1.0347283e+03
   1.4550429e+03   9.7055583e+02
   1.4703221e+03   9.0027165e+02
   1.4642105e+03   8.4526664e+02
   1.4550429e+03   7.9331747e+02
   1.4305963e+03   7.4136829e+02
   1.3908704e+03   7.0775412e+02
   1.3389213e+03   6.7719578e+02
   1.2900279e+03   6.5886077e+02
   1.2380787e+03   6.4358160e+02
   1.1800179e+03   6.4969327e+02
   1.1402921e+03   6.6191661e+02
   1.1097337e+03   6.8025161e+02
   1.0883429e+03   6.9858661e+02
   1.0577845e+03   7.3831245e+02
   1.0241704e+03   7.8109413e+02
   9.9666786e+02   8.3609914e+02
   9.9055619e+02   8.8193665e+02
   9.9055619e+02   9.1860666e+02
   1.0180587e+03   9.7972334e+02
   1.0486170e+03   1.0347283e+03
   1.0852870e+03   1.0805659e+03
   1.1158454e+03   1.1019567e+03
   1.1739062e+03   1.1233475e+03
   1.2472462e+03   1.1264034e+03
   1.3083629e+03   1.1141800e+03
