   1.4893537e+03   1.0279071e+03
   1.4621705e+03   1.0792532e+03
   1.4440484e+03   1.1185179e+03
   1.4349873e+03   1.1457011e+03
   1.4198855e+03   1.1728843e+03
   1.3927023e+03   1.1910064e+03
   1.3624987e+03   1.2091286e+03
   1.3141730e+03   1.2272507e+03
   1.2386641e+03   1.2181896e+03
   1.1782570e+03   1.1819454e+03
   1.1359720e+03   1.1487214e+03
   1.1057684e+03   1.1034161e+03
   1.0846259e+03   1.0520700e+03
   1.0695241e+03   1.0007239e+03
   1.0634834e+03   9.5239821e+02
   1.0634834e+03   9.0709286e+02
   1.0725445e+03   8.8595036e+02
   1.0997277e+03   8.2856357e+02
   1.1359720e+03   7.8023786e+02
   1.1601348e+03   7.5607500e+02
   1.2175216e+03   7.3191215e+02
   1.2598066e+03   7.1379000e+02
   1.3262545e+03   7.0170858e+02
   1.3715598e+03   7.1076965e+02
   1.4017634e+03   7.1681036e+02
   1.4380077e+03   7.3493250e+02
   1.4742520e+03   7.7419715e+02
   1.4984148e+03   8.1346179e+02
   1.5074759e+03   8.4668572e+02
   1.5104962e+03   9.0709286e+02
   1.5104962e+03   9.6447964e+02
