   1.3619649e+03   7.2608999e+02
   1.3814847e+03   7.4206081e+02
   1.4116519e+03   7.6424250e+02
   1.4409317e+03   7.9086054e+02
   1.4524662e+03   8.2990032e+02
   1.4489171e+03   8.7781278e+02
   1.4276227e+03   9.2040163e+02
   1.3832593e+03   9.6387775e+02
   1.3220378e+03   9.9049579e+02
   1.2741253e+03   9.9670666e+02
   1.2457328e+03   9.8872125e+02
   1.2040312e+03   9.5944141e+02
   1.1765259e+03   9.2483797e+02
   1.1658787e+03   8.6539103e+02
   1.1783004e+03   8.2635125e+02
   1.1995949e+03   7.7400245e+02
   1.2395219e+03   7.3851174e+02
   1.2865471e+03   7.2697726e+02
