   1.6261696e+03   8.2998747e+02
   1.6108905e+03   7.8109413e+02
   1.5742205e+03   7.2608912e+02
   1.5314388e+03   6.6802827e+02
   1.4794896e+03   6.1913493e+02
   1.4489313e+03   5.9468826e+02
   1.4153171e+03   5.8552076e+02
   1.3664238e+03   5.8552076e+02
   1.3144746e+03   5.8552076e+02
   1.2778046e+03   5.8857659e+02
   1.2350229e+03   6.0996743e+02
   1.2014087e+03   6.2524660e+02
   1.1677946e+03   6.5886077e+02
   1.1464037e+03   6.9553078e+02
   1.1219571e+03   7.4442412e+02
   1.1127895e+03   7.9942913e+02
   1.1127895e+03   8.4221081e+02
   1.1189012e+03   8.7582498e+02
   1.1433479e+03   9.2166249e+02
   1.1708504e+03   9.7055583e+02
   1.2197437e+03   1.0102817e+03
   1.2594696e+03   1.0408400e+03
   1.3175304e+03   1.0744542e+03
   1.3725354e+03   1.0836217e+03
   1.4183729e+03   1.0866775e+03
   1.4672663e+03   1.0836217e+03
   1.5161596e+03   1.0561192e+03
   1.5742205e+03   1.0011142e+03
   1.6108905e+03   9.4610916e+02
   1.6322813e+03   8.9721582e+02
