   1.3478051e+03   6.1758086e+02
   1.3858042e+03   6.0978618e+02
   1.4647254e+03   6.3122157e+02
   1.5309802e+03   6.6824633e+02
   1.5787227e+03   7.1209145e+02
   1.6040554e+03   7.4716754e+02
   1.5894404e+03   9.1670199e+02
   1.5114935e+03   9.8685418e+02
   1.4540077e+03   1.0287506e+03
   1.3858042e+03   1.0355710e+03
   1.3098060e+03   1.0170586e+03
   1.2698582e+03   9.9367453e+02
   1.2211414e+03   9.3716305e+02
   1.1977574e+03   8.8357457e+02
   1.1841166e+03   8.2706309e+02
   1.1919113e+03   7.6762860e+02
   1.2123724e+03   7.2475782e+02
   1.2299104e+03   6.7993836e+02
   1.2834989e+03   6.5460563e+02
