   1.3144746e+03   1.1905759e+03
   1.3603121e+03   1.2027992e+03
   1.4275404e+03   1.2089109e+03
   1.4917130e+03   1.1844642e+03
   1.5344946e+03   1.1386267e+03
   1.5742205e+03   1.0775100e+03
   1.5986671e+03   1.0194492e+03
   1.6017230e+03   9.4305333e+02
   1.5956113e+03   8.7888082e+02
   1.5803321e+03   8.2998747e+02
   1.5711646e+03   7.8720580e+02
   1.5314388e+03   7.4136829e+02
   1.4886571e+03   7.0775412e+02
   1.4519871e+03   6.9247495e+02
   1.3878146e+03   6.7719578e+02
   1.3328096e+03   6.8330744e+02
   1.2839162e+03   7.0469828e+02
   1.2472462e+03   7.5053579e+02
   1.2197437e+03   8.0554080e+02
   1.1891854e+03   8.6665748e+02
   1.1769621e+03   9.0027165e+02
   1.1830737e+03   9.6750000e+02
   1.1952971e+03   1.0194492e+03
   1.2075204e+03   1.0744542e+03
   1.2350229e+03   1.1172359e+03
   1.2686371e+03   1.1569617e+03
