   2.0295397e+03   9.8583500e+02
   2.0112047e+03   1.0438958e+03
   1.9684231e+03   1.0897334e+03
   1.9103622e+03   1.1447384e+03
   1.8523014e+03   1.1722409e+03
   1.7881288e+03   1.1875200e+03
   1.7117330e+03   1.1905759e+03
   1.6628397e+03   1.1783525e+03
   1.6231138e+03   1.1416825e+03
   1.5894996e+03   1.0958450e+03
   1.5681088e+03   1.0255608e+03
   1.5619971e+03   9.7055583e+02
   1.5619971e+03   9.2471832e+02
   1.5772763e+03   8.6665748e+02
   1.6017230e+03   8.0859664e+02
   1.6597838e+03   7.2608912e+02
   1.7422913e+03   6.8941911e+02
   1.8247989e+03   6.9247495e+02
   1.8798039e+03   7.0469828e+02
   1.9317530e+03   7.3831245e+02
   1.9653672e+03   7.6275913e+02
   1.9989814e+03   8.0554080e+02
   2.0234281e+03   8.4832248e+02
   2.0356514e+03   9.2471832e+02
