   1.1647387e+03   8.1165247e+02
   1.2014087e+03   8.0248497e+02
   1.2319671e+03   7.7803830e+02
   1.2533579e+03   7.5053579e+02
   1.2564137e+03   7.2608912e+02
   1.2441904e+03   7.0164245e+02
   1.2258554e+03   6.8025161e+02
   1.2014087e+03   6.7108411e+02
   1.1830737e+03   6.5886077e+02
   1.1647387e+03   6.4358160e+02
   1.1311246e+03   6.2524660e+02
   1.1005662e+03   6.2830243e+02
   1.0822312e+03   6.4052577e+02
   1.0486170e+03   6.8330744e+02
   1.0547287e+03   7.4136829e+02
   1.0852870e+03   7.7498246e+02
   1.0975104e+03   7.9331747e+02
