   1.5467180e+03   1.0744542e+03
   1.5650530e+03   1.0469517e+03
   1.5864438e+03   1.0194492e+03
   1.6047788e+03   9.8583500e+02
   1.6170021e+03   9.3388583e+02
   1.6200580e+03   8.9110415e+02
   1.6139463e+03   8.5748998e+02
   1.6108905e+03   8.2693164e+02
   1.5956113e+03   7.9026163e+02
   1.5833880e+03   7.6275913e+02
   1.5711646e+03   7.3220079e+02
   1.5497738e+03   6.8330744e+02
   1.5436621e+03   6.4663744e+02
   1.5406063e+03   6.3135827e+02
   1.5192155e+03   6.0996743e+02
   1.4856013e+03   5.9163243e+02
   1.4397638e+03   5.7940909e+02
   1.3969821e+03   5.6412992e+02
   1.3389213e+03   5.5801825e+02
   1.2961396e+03   5.6718575e+02
   1.2686371e+03   5.7940909e+02
   1.2258554e+03   5.9774409e+02
   1.1861296e+03   6.2219077e+02
   1.1647387e+03   6.5886077e+02
   1.1494596e+03   6.8636328e+02
   1.1311246e+03   7.1692162e+02
   1.1158454e+03   7.4442412e+02
   1.1097337e+03   7.8414996e+02
   1.1097337e+03   8.1776414e+02
   1.1127895e+03   8.5137831e+02
   1.1189012e+03   8.9415999e+02
   1.1433479e+03   9.4305333e+02
   1.1647387e+03   9.8583500e+02
   1.1830737e+03   1.0286167e+03
   1.2197437e+03   1.0622309e+03
   1.2625254e+03   1.0897334e+03
   1.3114188e+03   1.1080684e+03
   1.3847588e+03   1.1325150e+03
   1.4550429e+03   1.1233475e+03
