   1.5558855e+03   7.6581496e+02
   1.5314388e+03   7.3525662e+02
   1.5039363e+03   7.0164245e+02
   1.4703221e+03   6.6802827e+02
   1.4183729e+03   6.5580494e+02
   1.3664238e+03   6.6497244e+02
   1.3419771e+03   6.6497244e+02
   1.2961396e+03   6.9858661e+02
   1.2686371e+03   7.1692162e+02
   1.2503021e+03   7.4136829e+02
   1.2350229e+03   7.7192663e+02
   1.1983529e+03   8.2081997e+02
   1.1891854e+03   8.5443414e+02
   1.1830737e+03   9.0332749e+02
   1.1830737e+03   9.6444417e+02
   1.1922412e+03   1.0041700e+03
   1.2166879e+03   1.0561192e+03
   1.2625254e+03   1.0927892e+03
   1.2991954e+03   1.1172359e+03
   1.3633679e+03   1.1264034e+03
   1.4428196e+03   1.1202917e+03
   1.4917130e+03   1.0897334e+03
   1.5253271e+03   1.0500075e+03
   1.5589413e+03   1.0072258e+03
   1.5803321e+03   9.5527666e+02
   1.5925555e+03   8.9415999e+02
   1.5894996e+03   8.4526664e+02
