   1.1586271e+03   6.9858661e+02
   1.1189012e+03   7.3831245e+02
   1.0944545e+03   7.7498246e+02
   1.0761195e+03   8.2387581e+02
   1.0669520e+03   8.5443414e+02
   1.0669520e+03   9.2166249e+02
   1.0822312e+03   9.7361167e+02
   1.1066779e+03   1.0286167e+03
   1.1555712e+03   1.0866775e+03
   1.2044646e+03   1.1111242e+03
   1.3083629e+03   1.1264034e+03
   1.3480888e+03   1.1172359e+03
   1.3817029e+03   1.0927892e+03
   1.4092054e+03   1.0805659e+03
   1.4489313e+03   1.0561192e+03
   1.4672663e+03   1.0255608e+03
   1.4825455e+03   1.0011142e+03
   1.4978246e+03   9.7666750e+02
   1.5069921e+03   9.5527666e+02
   1.5161596e+03   8.8804832e+02
   1.5100480e+03   8.2081997e+02
   1.4947688e+03   7.6581496e+02
   1.4489313e+03   7.1386578e+02
   1.4122613e+03   6.8330744e+02
   1.3450329e+03   6.6802827e+02
   1.2839162e+03   6.6497244e+02
   1.2319671e+03   6.6802827e+02
