   1.5253271e+03   1.3128092e+03
   1.5558855e+03   1.2944742e+03
   1.5956113e+03   1.2516926e+03
   1.6292255e+03   1.1814084e+03
   1.6475605e+03   1.1111242e+03
   1.6506163e+03   1.0530634e+03
   1.6292255e+03   9.9194667e+02
   1.5925555e+03   9.2777416e+02
   1.5558855e+03   8.6665748e+02
   1.4947688e+03   8.3609914e+02
   1.4275404e+03   8.2998747e+02
   1.3358654e+03   8.3915497e+02
   1.2961396e+03   8.7276915e+02
   1.2808604e+03   8.8804832e+02
   1.2411346e+03   9.1860666e+02
   1.2166879e+03   9.3999749e+02
   1.1922412e+03   9.8277917e+02
   1.1830737e+03   1.0622309e+03
   1.1861296e+03   1.1325150e+03
   1.2136321e+03   1.1966875e+03
   1.2564137e+03   1.2516926e+03
   1.3175304e+03   1.2975301e+03
   1.3694796e+03   1.3250326e+03
   1.4367079e+03   1.3372559e+03
