   1.4244846e+03   8.9110415e+02
   1.4061496e+03   8.5137831e+02
   1.3908704e+03   8.1165247e+02
   1.3664238e+03   7.7498246e+02
   1.3236421e+03   7.3831245e+02
   1.2991954e+03   7.1386578e+02
   1.2625254e+03   7.0775412e+02
   1.2075204e+03   7.1080995e+02
   1.1739062e+03   7.3220079e+02
   1.1372362e+03   7.5053579e+02
   1.0944545e+03   7.9026163e+02
   1.0700079e+03   8.2387581e+02
   1.0516729e+03   8.6054581e+02
   1.0547287e+03   8.9415999e+02
   1.0577845e+03   9.3694166e+02
   1.0730637e+03   9.8583500e+02
   1.0913987e+03   1.0194492e+03
   1.1066779e+03   1.0500075e+03
   1.1250129e+03   1.0775100e+03
   1.1586271e+03   1.1202917e+03
   1.2075204e+03   1.1416825e+03
   1.2716929e+03   1.1600175e+03
   1.3236421e+03   1.1508500e+03
   1.3755913e+03   1.1233475e+03
   1.4214288e+03   1.0805659e+03
   1.4153171e+03   1.0286167e+03
   1.4275404e+03   9.6138833e+02
