   1.5131038e+03   1.1355709e+03
   1.5436621e+03   1.0622309e+03
   1.5467180e+03   9.4305333e+02
   1.5314388e+03   8.6054581e+02
   1.5069921e+03   7.9637330e+02
   1.4703221e+03   7.2914495e+02
   1.4305963e+03   6.8941911e+02
   1.3786471e+03   6.6802827e+02
   1.2900279e+03   6.4969327e+02
   1.2197437e+03   6.6191661e+02
   1.1464037e+03   6.8330744e+02
   1.0913987e+03   7.1997745e+02
   1.0363937e+03   7.9026163e+02
   1.0058354e+03   8.7276915e+02
   1.0027795e+03   9.7972334e+02
   1.0058354e+03   1.0255608e+03
   1.0180587e+03   1.0744542e+03
   1.0608404e+03   1.1416825e+03
   1.0944545e+03   1.1814084e+03
   1.1616829e+03   1.1661292e+03
   1.2258554e+03   1.2394692e+03
   1.2808604e+03   1.2608601e+03
   1.3878146e+03   1.2578042e+03
   1.4611546e+03   1.2089109e+03
