   1.3145077e+03   7.2692919e+02
   1.3361807e+03   7.2909650e+02
   1.3751922e+03   7.3993302e+02
   1.3968652e+03   7.7027529e+02
   1.4033671e+03   8.0278485e+02
   1.3990325e+03   8.3312712e+02
   1.3946979e+03   8.6997129e+02
   1.3773595e+03   9.1981930e+02
   1.3643557e+03   9.6099809e+02
   1.3296788e+03   9.8700574e+02
   1.2950019e+03   9.9350765e+02
   1.2646596e+03   9.9134035e+02
   1.2429866e+03   9.7400191e+02
   1.2234809e+03   9.4582695e+02
   1.2083097e+03   9.0248086e+02
   1.2148116e+03   8.4613094e+02
   1.2451539e+03   8.0711946e+02
   1.2494885e+03   7.8111181e+02
   1.2689943e+03   7.4426763e+02
