   1.6131884e+03   1.0641514e+03
   1.5890255e+03   1.0339479e+03
   1.5648627e+03   9.9770357e+02
   1.5286184e+03   9.7958143e+02
   1.4893537e+03   9.5239821e+02
   1.4470687e+03   9.4635750e+02
   1.3957227e+03   9.5239821e+02
   1.3473970e+03   9.5843893e+02
   1.2869898e+03   9.8864250e+02
   1.2567863e+03   1.0218664e+03
   1.2356438e+03   1.0490496e+03
   1.2205420e+03   1.0913346e+03
   1.2084605e+03   1.1305993e+03
   1.1993995e+03   1.1698639e+03
   1.1963791e+03   1.2393321e+03
   1.2024198e+03   1.2846375e+03
   1.2205420e+03   1.3299429e+03
   1.2477252e+03   1.3571261e+03
   1.2809491e+03   1.3722279e+03
   1.3322952e+03   1.3963907e+03
   1.4108245e+03   1.4054518e+03
   1.4682112e+03   1.3903500e+03
   1.5406998e+03   1.3601464e+03
   1.5769441e+03   1.3359836e+03
   1.6101680e+03   1.2846375e+03
   1.6373512e+03   1.2332914e+03
   1.6464123e+03   1.1910064e+03
   1.6403716e+03   1.1457011e+03
   1.6313105e+03   1.1064364e+03
