   1.3491845e+03   8.0061755e+02
   1.3318461e+03   8.2879251e+02
   1.3275115e+03   8.6130208e+02
   1.3123404e+03   8.9381164e+02
   1.3123404e+03   9.3499043e+02
   1.3231769e+03   9.6316539e+02
   1.3405153e+03   9.8700574e+02
   1.3686903e+03   1.0108461e+03
   1.3990325e+03   1.0108461e+03
   1.4402113e+03   1.0065115e+03
   1.4683863e+03   9.8267113e+02
   1.4683863e+03   9.3932504e+02
   1.4683863e+03   8.9381164e+02
   1.4532151e+03   8.3746173e+02
   1.4228729e+03   7.8761372e+02
   1.3838614e+03   7.7894450e+02
