   1.3968652e+03   6.9225232e+02
   1.4250402e+03   7.1609267e+02
   1.4445459e+03   7.2476189e+02
   1.4705536e+03   7.7244259e+02
   1.4835574e+03   8.1578868e+02
   1.5008958e+03   8.7430590e+02
   1.4900593e+03   9.1765200e+02
   1.4618844e+03   9.6099809e+02
   1.4185383e+03   1.0065115e+03
   1.3795268e+03   1.0238499e+03
   1.3166750e+03   1.0281845e+03
   1.2689943e+03   1.0195153e+03
   1.2408193e+03   9.9784226e+02
   1.2234809e+03   9.5666348e+02
   1.2083097e+03   8.8730973e+02
   1.2148116e+03   8.1362138e+02
   1.2386520e+03   7.7027529e+02
   1.2819981e+03   7.2259458e+02
   1.3405153e+03   6.9441963e+02
