   1.4183729e+03   1.0102817e+03
   1.4489313e+03   9.7361167e+02
   1.4825455e+03   9.2777416e+02
   1.4886571e+03   8.6971331e+02
   1.4825455e+03   8.2081997e+02
   1.4672663e+03   7.6887079e+02
   1.4275404e+03   7.1386578e+02
   1.3847588e+03   6.7719578e+02
   1.3511446e+03   6.5886077e+02
   1.2991954e+03   6.4663744e+02
   1.2564137e+03   6.4663744e+02
   1.2258554e+03   6.6191661e+02
   1.1891854e+03   6.8941911e+02
   1.1464037e+03   7.2608912e+02
   1.1189012e+03   7.7498246e+02
   1.1066779e+03   8.0859664e+02
   1.1066779e+03   8.6665748e+02
   1.1189012e+03   9.1249499e+02
   1.1372362e+03   9.4305333e+02
   1.1586271e+03   9.7666750e+02
   1.1830737e+03   1.0225050e+03
   1.2227996e+03   1.0622309e+03
   1.2747487e+03   1.0561192e+03
   1.3419771e+03   1.0469517e+03
   1.3786471e+03   1.0377842e+03
