   1.4691618e+03   7.2888294e+02
   1.4250551e+03   7.1388663e+02
   1.3941803e+03   6.9800820e+02
   1.3324309e+03   7.1212236e+02
   1.2962633e+03   7.3858642e+02
   1.2680350e+03   7.8004678e+02
   1.2530387e+03   8.1709647e+02
   1.2671528e+03   8.7090672e+02
   1.2918526e+03   8.9560651e+02
   1.3209631e+03   9.1501349e+02
   1.3783019e+03   9.3530260e+02
   1.4329943e+03   9.4147755e+02
   1.4603405e+03   9.3177406e+02
   1.4823939e+03   9.1942417e+02
   1.5062115e+03   8.8413876e+02
   1.5176793e+03   8.4532480e+02
   1.5150329e+03   7.9680736e+02
   1.5070937e+03   7.6857903e+02
