   1.3694796e+03   1.2486367e+03
   1.3939263e+03   1.2058550e+03
   1.4183729e+03   1.1416825e+03
   1.4367079e+03   1.0622309e+03
   1.4367079e+03   1.0072258e+03
   1.4122613e+03   9.4305333e+02
   1.3786471e+03   8.9110415e+02
   1.3450329e+03   8.6665748e+02
   1.2900279e+03   8.3915497e+02
   1.2350229e+03   8.2081997e+02
   1.1800179e+03   8.2081997e+02
   1.1402921e+03   8.3915497e+02
   1.1005662e+03   8.6971331e+02
   1.0638962e+03   9.3082999e+02
   1.0425054e+03   9.7361167e+02
   1.0180587e+03   1.0133375e+03
   9.9666786e+02   1.0713984e+03
   9.9666786e+02   1.1172359e+03
   1.0058354e+03   1.1783525e+03
   1.0394495e+03   1.2394692e+03
   1.0730637e+03   1.2883626e+03
   1.1525154e+03   1.3250326e+03
   1.2289112e+03   1.3311442e+03
   1.2930838e+03   1.3311442e+03
   1.3450329e+03   1.3066976e+03
