   1.4458754e+03   1.0408400e+03
   1.4122613e+03   1.1019567e+03
   1.3725354e+03   1.1264034e+03
   1.3175304e+03   1.1386267e+03
   1.2839162e+03   1.1233475e+03
   1.2319671e+03   1.0958450e+03
   1.2014087e+03   1.0561192e+03
   1.1616829e+03   1.0194492e+03
   1.1464037e+03   9.7055583e+02
   1.1402921e+03   9.1860666e+02
   1.1464037e+03   8.5443414e+02
   1.1677946e+03   7.9026163e+02
   1.2044646e+03   7.4442412e+02
   1.2411346e+03   7.3525662e+02
   1.3083629e+03   7.3525662e+02
   1.3725354e+03   7.5970329e+02
   1.4336521e+03   7.9942913e+02
   1.4672663e+03   8.7888082e+02
   1.4703221e+03   9.6138833e+02
