   1.3266979e+03   1.1997434e+03
   1.3694796e+03   1.1630734e+03
   1.4183729e+03   1.1019567e+03
   1.4428196e+03   1.0133375e+03
   1.4336521e+03   9.3082999e+02
   1.4061496e+03   8.6971331e+02
   1.3664238e+03   8.2693164e+02
   1.3083629e+03   8.1470830e+02
   1.2441904e+03   8.1776414e+02
   1.1677946e+03   8.2081997e+02
   1.1097337e+03   8.5748998e+02
   1.0638962e+03   9.1860666e+02
   1.0272262e+03   9.9805834e+02
   1.0211145e+03   1.0438958e+03
   1.0425054e+03   1.1080684e+03
   1.0669520e+03   1.1386267e+03
   1.1189012e+03   1.1752967e+03
   1.1800179e+03   1.2150225e+03
   1.2350229e+03   1.2241901e+03
