   1.8125755e+03   1.0469517e+03
   1.8523014e+03   1.0438958e+03
   1.9103622e+03   1.0377842e+03
   1.9378647e+03   1.0041700e+03
   1.9623114e+03   9.5833250e+02
   1.9745347e+03   9.1860666e+02
   1.9959256e+03   8.8193665e+02
   2.0142606e+03   8.4526664e+02
   2.0264839e+03   7.8720580e+02
   2.0142606e+03   7.3831245e+02
   1.9409205e+03   6.8636328e+02
   1.8400780e+03   6.4663744e+02
   1.7514588e+03   6.2830243e+02
   1.6933980e+03   6.2219077e+02
   1.6353372e+03   6.3441410e+02
   1.5619971e+03   6.7108411e+02
   1.5161596e+03   7.1692162e+02
   1.4917130e+03   7.5664746e+02
   1.4794896e+03   7.9942913e+02
   1.4764338e+03   8.3915497e+02
   1.4794896e+03   8.7276915e+02
   1.4947688e+03   9.0943916e+02
   1.5253271e+03   9.5527666e+02
   1.5711646e+03   1.0041700e+03
   1.6108905e+03   1.0316725e+03
   1.6811747e+03   1.0561192e+03
   1.7422913e+03   1.0775100e+03
   1.7697938e+03   1.0683425e+03
