   1.3268931e+03   6.9545821e+02
   1.2581911e+03   7.1003136e+02
   1.1915710e+03   7.3293201e+02
   1.1447288e+03   7.6624206e+02
   1.1207872e+03   8.2661651e+02
   1.1072550e+03   8.9740036e+02
   1.1343194e+03   9.8275735e+02
   1.1665885e+03   1.0368862e+03
   1.2217583e+03   1.1191203e+03
   1.2779690e+03   1.1409801e+03
   1.3112790e+03   1.1555532e+03
   1.3831038e+03   1.1493076e+03
   1.4455601e+03   1.0878922e+03
   1.4944842e+03   1.0462546e+03
   1.5142621e+03   1.0181493e+03
   1.5454902e+03   9.3695604e+02
   1.5319580e+03   8.5472186e+02
   1.5017708e+03   7.8081520e+02
   1.4195366e+03   7.1939981e+02
