   1.3480888e+03   1.0713984e+03
   1.3786471e+03   1.0591750e+03
   1.4000379e+03   1.0500075e+03
   1.4244846e+03   1.0286167e+03
   1.4397638e+03   9.9500251e+02
   1.4458754e+03   9.6444417e+02
   1.4458754e+03   9.3694166e+02
   1.4428196e+03   9.1249499e+02
   1.4183729e+03   8.8499248e+02
   1.3878146e+03   8.4526664e+02
   1.3511446e+03   8.2693164e+02
   1.3175304e+03   8.2998747e+02
   1.2839162e+03   8.5137831e+02
   1.2655812e+03   8.6971331e+02
   1.2564137e+03   8.8499248e+02
   1.2350229e+03   9.0027165e+02
   1.2105762e+03   9.3999749e+02
   1.2075204e+03   9.7055583e+02
   1.2166879e+03   1.0041700e+03
   1.2289112e+03   1.0286167e+03
   1.2503021e+03   1.0530634e+03
   1.2961396e+03   1.0683425e+03
