   7.4122822e+02   5.4133361e+02
   6.6430302e+02   5.3803682e+02
   5.9177356e+02   5.5012506e+02
   5.4342058e+02   5.9078552e+02
   5.1374943e+02   6.5122674e+02
   4.8627615e+02   7.1826155e+02
   5.0935371e+02   8.2375896e+02
   5.3572806e+02   8.8969484e+02
   6.0496073e+02   9.5563071e+02
   6.5441264e+02   1.0050826e+03
   7.2694211e+02   1.0501388e+03
   8.3243952e+02   1.0358527e+03
   9.0387005e+02   9.7980720e+02
   9.6650914e+02   8.9848629e+02
   9.7200379e+02   7.8749422e+02
   9.4562944e+02   7.1386583e+02
   8.9288074e+02   6.1276414e+02
   8.1705448e+02   5.6441117e+02
