   1.2741253e+03   6.3203961e+02
   1.3229251e+03   6.3381414e+02
   1.4036664e+03   6.5422130e+02
   1.4622261e+03   6.9237381e+02
   1.4986041e+03   7.3318813e+02
   1.5261094e+03   8.0239502e+02
   1.5323203e+03   8.9733267e+02
   1.5048150e+03   9.8872125e+02
   1.4790842e+03   1.0401828e+03
   1.4249609e+03   1.0809971e+03
   1.3477686e+03   1.1209241e+03
   1.2661399e+03   1.1289096e+03
   1.1907222e+03   1.0854334e+03
   1.1534569e+03   1.0490555e+03
   1.1295007e+03   1.0064666e+03
   1.0940100e+03   9.5677961e+02
   1.0877991e+03   9.0975442e+02
   1.1002209e+03   8.5296928e+02
   1.1011081e+03   8.0949316e+02
   1.1286134e+03   7.3496267e+02
   1.1783004e+03   6.6309398e+02
   1.2235511e+03   6.5155950e+02
