   1.4755327e+03   9.9747388e+02
   1.4077378e+03   1.0096992e+03
   1.3366088e+03   1.0319270e+03
   1.2810393e+03   1.0897193e+03
   1.2399178e+03   1.1408433e+03
   1.2154672e+03   1.1908559e+03
   1.2376950e+03   1.2942152e+03
   1.2732595e+03   1.3464506e+03
   1.3188266e+03   1.4009088e+03
   1.3688392e+03   1.4653694e+03
   1.4388568e+03   1.4998225e+03
   1.5277681e+03   1.4920428e+03
   1.6166793e+03   1.4675922e+03
   1.6678033e+03   1.4209138e+03
   1.6911425e+03   1.3331139e+03
   1.6933653e+03   1.2297546e+03
   1.6844742e+03   1.1530686e+03
   1.6466869e+03   1.0986104e+03
   1.6111224e+03   1.0563776e+03
   1.5766692e+03   1.0252586e+03
