   1.5980866e+03   1.0973754e+03
   1.6252698e+03   1.0792532e+03
   1.6494327e+03   1.0581107e+03
   1.6856770e+03   1.0309275e+03
   1.7219212e+03   1.0007239e+03
   1.7430637e+03   9.5843893e+02
   1.7521248e+03   8.9803179e+02
   1.7460841e+03   8.5876714e+02
   1.7309823e+03   8.1044143e+02
   1.7309823e+03   7.8325822e+02
   1.6977584e+03   7.5003429e+02
   1.6584937e+03   7.1983072e+02
   1.6041273e+03   6.9264750e+02
   1.5618423e+03   6.9264750e+02
   1.5225777e+03   6.9264750e+02
   1.4621705e+03   7.1681036e+02
   1.4229059e+03   7.3191215e+02
   1.3896820e+03   7.4097322e+02
   1.3745802e+03   7.7721750e+02
   1.3564580e+03   8.2252286e+02
   1.3473970e+03   8.5574679e+02
   1.3443766e+03   9.0105214e+02
   1.3443766e+03   9.4937786e+02
   1.3655191e+03   9.8562214e+02
   1.3776005e+03   1.0188461e+03
   1.4017634e+03   1.0641514e+03
   1.4349873e+03   1.0852939e+03
   1.4621705e+03   1.1245586e+03
   1.4923741e+03   1.1396604e+03
   1.5316387e+03   1.1245586e+03
