   1.1974732e+03   7.5076954e+02
   1.1346214e+03   8.0278485e+02
   1.0891080e+03   8.7755686e+02
   1.0652676e+03   9.7183461e+02
   1.0880243e+03   1.0704470e+03
   1.1302868e+03   1.1213786e+03
   1.1801348e+03   1.1701430e+03
   1.2570741e+03   1.1961506e+03
   1.3751922e+03   1.1928997e+03
   1.4380440e+03   1.1495536e+03
   1.4727209e+03   1.0682797e+03
   1.4857247e+03   9.5666348e+02
   1.4694699e+03   9.0139721e+02
   1.4207056e+03   8.3421077e+02
   1.3871124e+03   7.9303198e+02
   1.2841654e+03   7.5943876e+02
