   1.6158972e+03   7.3013300e+02
   1.6515252e+03   7.2491916e+02
   1.6958428e+03   7.2578814e+02
   1.7531951e+03   7.4316761e+02
   1.8018576e+03   7.7271271e+02
   1.8444373e+03   8.1703036e+02
   1.8713755e+03   8.6829980e+02
   1.8791962e+03   9.5345922e+02
   1.8652927e+03   1.0386186e+03
   1.8062025e+03   1.1368126e+03
   1.7471122e+03   1.1846062e+03
   1.6480493e+03   1.1924270e+03
   1.5802693e+03   1.1707026e+03
   1.4968479e+03   1.1237780e+03
   1.4499233e+03   1.0672948e+03
   1.4386266e+03   1.0116804e+03
   1.4273300e+03   9.2391411e+02
   1.4421025e+03   8.7872749e+02
   1.4699097e+03   8.2398215e+02
   1.4951099e+03   7.8922321e+02
   1.5437724e+03   7.5098837e+02
