   1.2201731e+03   6.7948739e+02
   1.2897641e+03   6.7368814e+02
   1.3303589e+03   6.8876620e+02
   1.3895113e+03   7.2936099e+02
   1.4324258e+03   7.8271414e+02
   1.4602622e+03   8.5346505e+02
   1.4741804e+03   9.6365090e+02
   1.4567827e+03   1.0448405e+03
   1.4161879e+03   1.1086323e+03
   1.3581953e+03   1.1608256e+03
   1.2607679e+03   1.1875022e+03
   1.1818980e+03   1.1573460e+03
   1.1204259e+03   1.1109520e+03
   1.0798311e+03   1.0541193e+03
   1.0577939e+03   1.0100449e+03
   1.0461954e+03   9.3813418e+02
   1.0577939e+03   8.4998550e+02
   1.0833106e+03   8.0243161e+02
   1.1123069e+03   7.5835727e+02
   1.1552214e+03   7.1776248e+02
