   1.1666608e+03   6.9967319e+02
   1.2193480e+03   6.7991548e+02
   1.3796050e+03   6.8430608e+02
   1.4608312e+03   7.3699332e+02
   1.5266902e+03   8.1163358e+02
   1.5793775e+03   9.3896108e+02
   1.5640104e+03   1.0706792e+03
   1.4871748e+03   1.1738584e+03
   1.3839956e+03   1.2484986e+03
   1.2610587e+03   1.3033812e+03
   1.1842232e+03   1.2594751e+03
   1.1051923e+03   1.1980067e+03
   1.0481145e+03   1.0838510e+03
   1.0217708e+03   9.9384362e+02
   1.0217708e+03   9.1042216e+02
   1.0788487e+03   7.8089936e+02
