   1.4672663e+03   1.0102817e+03
   1.4703221e+03   9.9194667e+02
   1.4672663e+03   9.7361167e+02
   1.4611546e+03   9.6138833e+02
   1.4519871e+03   9.5222083e+02
   1.4275404e+03   9.4610916e+02
   1.4092054e+03   9.4610916e+02
   1.3908704e+03   9.5222083e+02
   1.3694796e+03   9.7055583e+02
   1.3572563e+03   9.8277917e+02
   1.3542004e+03   1.0011142e+03
   1.3572563e+03   1.0133375e+03
   1.3694796e+03   1.0225050e+03
   1.3908704e+03   1.0316725e+03
   1.4153171e+03   1.0377842e+03
   1.4367079e+03   1.0377842e+03
   1.4519871e+03   1.0286167e+03
