   1.1692982e+03   9.2198660e+02
   1.1801348e+03   9.7400191e+02
   1.2191463e+03   1.0065115e+03
   1.2559904e+03   1.0238499e+03
   1.2906673e+03   1.0368537e+03
   1.3491845e+03   1.0368537e+03
   1.3838614e+03   1.0195153e+03
   1.4120364e+03   9.8267113e+02
   1.4315421e+03   9.5232887e+02
   1.4337094e+03   9.0898278e+02
   1.4272075e+03   8.6130208e+02
   1.4011998e+03   8.1145407e+02
   1.3730249e+03   7.8111181e+02
   1.3448499e+03   7.5293685e+02
   1.3015038e+03   7.4643493e+02
   1.2234809e+03   7.6594068e+02
   1.1909713e+03   7.8978103e+02
   1.1779675e+03   8.2445790e+02
   1.1627963e+03   8.6563669e+02
