   1.3969821e+03   9.8889084e+02
   1.4244846e+03   9.4305333e+02
   1.4580988e+03   8.9721582e+02
   1.4733780e+03   8.1470830e+02
   1.4733780e+03   7.8109413e+02
   1.4519871e+03   7.2608912e+02
   1.4244846e+03   6.7719578e+02
   1.3603121e+03   6.1607910e+02
   1.2655812e+03   5.9163243e+02
   1.1769621e+03   5.9163243e+02
   1.1158454e+03   6.3746994e+02
   1.0700079e+03   6.8636328e+02
   1.0455612e+03   7.5359162e+02
   1.0333379e+03   8.3609914e+02
   1.0486170e+03   9.0332749e+02
   1.0975104e+03   9.6138833e+02
   1.1555712e+03   9.9805834e+02
   1.2105762e+03   1.0225050e+03
   1.2686371e+03   1.0408400e+03
   1.3389213e+03   1.0225050e+03
