   1.3400896e+03   6.7552487e+02
   1.3993627e+03   6.9089199e+02
   1.4871748e+03   7.0625910e+02
   1.5398620e+03   7.5236043e+02
   1.5881587e+03   8.9285974e+02
   1.6013305e+03   1.0004295e+03
   1.5618151e+03   1.1145852e+03
   1.5003466e+03   1.2199597e+03
   1.3730191e+03   1.2375221e+03
   1.2895977e+03   1.1958114e+03
   1.2039809e+03   1.0926322e+03
   1.1688561e+03   9.8506241e+02
   1.1381218e+03   8.8846914e+02
   1.1556842e+03   8.2480539e+02
   1.1930044e+03   7.7650875e+02
   1.2522775e+03   7.1064970e+02
