   1.1372362e+03   9.0027165e+02
   1.1127895e+03   9.2471832e+02
   1.0913987e+03   9.4916500e+02
   1.0761195e+03   9.7972334e+02
   1.0638962e+03   1.0102817e+03
   1.0608404e+03   1.0500075e+03
   1.0608404e+03   1.0866775e+03
   1.0700079e+03   1.1233475e+03
   1.0883429e+03   1.1477942e+03
   1.1066779e+03   1.1722409e+03
   1.1280687e+03   1.2027992e+03
   1.1555712e+03   1.2272459e+03
   1.1830737e+03   1.2578042e+03
   1.2044646e+03   1.2761392e+03
   1.2350229e+03   1.2853067e+03
   1.2594696e+03   1.2853067e+03
   1.3083629e+03   1.2761392e+03
   1.3450329e+03   1.2578042e+03
   1.3755913e+03   1.2394692e+03
   1.4092054e+03   1.2150225e+03
   1.4367079e+03   1.1875200e+03
   1.4489313e+03   1.1630734e+03
   1.4642105e+03   1.1447384e+03
   1.4733780e+03   1.1111242e+03
   1.4825455e+03   1.0622309e+03
   1.4886571e+03   1.0194492e+03
   1.4856013e+03   9.6444417e+02
   1.4764338e+03   9.3082999e+02
   1.4672663e+03   9.0943916e+02
   1.4550429e+03   8.9415999e+02
   1.4305963e+03   8.7582498e+02
   1.4030938e+03   8.5443414e+02
   1.3878146e+03   8.4221081e+02
   1.3694796e+03   8.2998747e+02
   1.3358654e+03   8.1776414e+02
   1.3114188e+03   8.1165247e+02
   1.2747487e+03   8.1776414e+02
   1.2533579e+03   8.2387581e+02
   1.2197437e+03   8.3609914e+02
   1.1922412e+03   8.5137831e+02
