   1.8034080e+03   7.6887079e+02
   1.7636822e+03   7.4442412e+02
   1.7361797e+03   7.2608912e+02
   1.6720072e+03   7.1997745e+02
   1.6170021e+03   7.1997745e+02
   1.5558855e+03   7.3831245e+02
   1.5100480e+03   7.7192663e+02
   1.4672663e+03   8.3304331e+02
   1.4305963e+03   8.9415999e+02
   1.4244846e+03   9.8277917e+02
   1.4489313e+03   1.0683425e+03
   1.4794896e+03   1.1202917e+03
   1.5222713e+03   1.1416825e+03
   1.5650530e+03   1.1691850e+03
   1.5956113e+03   1.1844642e+03
   1.6506163e+03   1.1814084e+03
   1.6995097e+03   1.1752967e+03
   1.7697938e+03   1.1416825e+03
   1.8400780e+03   1.0775100e+03
   1.8706364e+03   1.0133375e+03
   1.8798039e+03   9.1860666e+02
   1.8645247e+03   8.4832248e+02
   1.8431339e+03   8.1776414e+02
