   1.3642846e+03   8.4906896e+02
   1.3398399e+03   8.5122585e+02
   1.2895126e+03   8.7782741e+02
   1.2197733e+03   9.3678224e+02
   1.2068320e+03   1.0072404e+03
   1.2168975e+03   1.0719470e+03
   1.2571593e+03   1.1093330e+03
   1.2765713e+03   1.1215553e+03
   1.2988591e+03   1.1301828e+03
   1.3333692e+03   1.1402483e+03
   1.3635656e+03   1.1366535e+03
   1.4038274e+03   1.1165226e+03
   1.4189256e+03   1.0913589e+03
   1.4491220e+03   1.0266524e+03
   1.4440893e+03   9.8423369e+02
   1.4397755e+03   9.6050796e+02
   1.4225204e+03   9.2527886e+02
   1.4023895e+03   8.9795833e+02
   1.3916051e+03   8.8357910e+02
