   1.1066779e+03   7.6581496e+02
   1.0852870e+03   7.9026163e+02
   1.0547287e+03   8.2998747e+02
   1.0425054e+03   8.7888082e+02
   1.0394495e+03   9.2471832e+02
   1.0425054e+03   9.8583500e+02
   1.0577845e+03   1.0377842e+03
   1.0883429e+03   1.0897334e+03
   1.1250129e+03   1.1264034e+03
   1.1769621e+03   1.1630734e+03
   1.2350229e+03   1.1875200e+03
   1.2991954e+03   1.1936317e+03
   1.3297538e+03   1.1814084e+03
   1.3542004e+03   1.1630734e+03
   1.3786471e+03   1.1477942e+03
   1.4092054e+03   1.1202917e+03
   1.4397638e+03   1.0744542e+03
   1.4580988e+03   1.0408400e+03
   1.4611546e+03   1.0102817e+03
   1.4764338e+03   9.6138833e+02
   1.4764338e+03   9.3999749e+02
   1.4764338e+03   9.1860666e+02
   1.4733780e+03   8.8804832e+02
   1.4642105e+03   8.6665748e+02
   1.4489313e+03   8.3304331e+02
   1.4336521e+03   7.9637330e+02
   1.4153171e+03   7.5970329e+02
   1.3908704e+03   7.3525662e+02
   1.3511446e+03   7.1080995e+02
   1.3175304e+03   7.0469828e+02
   1.2686371e+03   6.9858661e+02
   1.1983529e+03   7.0469828e+02
   1.1555712e+03   7.3220079e+02
