   1.5256594e+03   8.9960664e+02
   1.5877809e+03   9.1341142e+02
   1.6548327e+03   9.3609072e+02
   1.7001913e+03   1.0149752e+03
   1.7228706e+03   1.1047064e+03
   1.7268149e+03   1.1973957e+03
   1.6932889e+03   1.2831826e+03
   1.6321534e+03   1.3571368e+03
   1.5088964e+03   1.3758719e+03
   1.4083187e+03   1.3699555e+03
   1.3412668e+03   1.3157224e+03
   1.2830895e+03   1.2407821e+03
   1.2643544e+03   1.1461207e+03
   1.2702708e+03   1.0534314e+03
   1.2998525e+03   9.7750509e+02
   1.4024023e+03   9.1735565e+02
