   1.4333059e+03   9.4964107e+02
   1.4800990e+03   9.6219530e+02
   1.5109139e+03   9.7360824e+02
   1.5542831e+03   9.9529282e+02
   1.5942283e+03   1.0306729e+03
   1.6216194e+03   1.0786073e+03
   1.6375975e+03   1.1448023e+03
   1.6375975e+03   1.1973018e+03
   1.6170542e+03   1.2475187e+03
   1.6010761e+03   1.3023008e+03
   1.5599895e+03   1.3570829e+03
   1.5234681e+03   1.3776262e+03
   1.4800990e+03   1.3913218e+03
   1.4333059e+03   1.4027347e+03
   1.3705348e+03   1.4072999e+03
   1.3066223e+03   1.3764849e+03
   1.2598293e+03   1.3627894e+03
   1.2290143e+03   1.3479526e+03
   1.2061885e+03   1.3034421e+03
   1.1947755e+03   1.2566491e+03
   1.1947755e+03   1.2041496e+03
   1.2027646e+03   1.1630630e+03
   1.2153188e+03   1.1128461e+03
   1.2233079e+03   1.0786073e+03
   1.2415686e+03   1.0398033e+03
   1.2723835e+03   1.0032819e+03
   1.3031984e+03   9.7931471e+02
   1.3534154e+03   9.6676048e+02
   1.3842303e+03   9.5306495e+02
