   1.2760791e+03   8.1902055e+02
   1.3497075e+03   8.3888853e+02
   1.3941183e+03   8.6810615e+02
   1.4408665e+03   9.1719175e+02
   1.4782650e+03   9.8380792e+02
   1.4782650e+03   1.0644485e+03
   1.4420352e+03   1.1462579e+03
   1.3906122e+03   1.2163802e+03
   1.3181525e+03   1.2958521e+03
   1.2199813e+03   1.3063704e+03
   1.1381720e+03   1.2724780e+03
   1.0832428e+03   1.1965122e+03
   1.0493504e+03   1.1041845e+03
   1.0388321e+03   1.0469180e+03
   1.0598687e+03   9.8731403e+02
   1.0832428e+03   9.3472232e+02
   1.1206414e+03   8.8213061e+02
   1.1825827e+03   8.2953889e+02
