   1.3909483e+03   7.3063243e+02
   1.4310876e+03   7.5449902e+02
   1.4940086e+03   7.7511108e+02
   1.5384872e+03   7.9572313e+02
   1.5883901e+03   8.5864414e+02
   1.6133415e+03   9.5628018e+02
   1.6057476e+03   9.9750429e+02
   1.5851356e+03   1.0701889e+03
   1.5525902e+03   1.1255160e+03
   1.4983480e+03   1.1797582e+03
   1.4115604e+03   1.2264066e+03
   1.2954820e+03   1.2405095e+03
   1.2238822e+03   1.1982006e+03
   1.1403491e+03   1.1331099e+03
   1.1023796e+03   1.0756131e+03
   1.0926160e+03   1.0170315e+03
   1.0861069e+03   9.7580739e+02
   1.1208219e+03   8.8468041e+02
   1.1511976e+03   8.2501394e+02
   1.1956762e+03   7.8595953e+02
   1.2694457e+03   7.4582026e+02
   1.3258576e+03   7.1544461e+02
