   1.3908704e+03   6.0996743e+02
   1.3542004e+03   6.0996743e+02
   1.2991954e+03   6.3746994e+02
   1.2594696e+03   6.6497244e+02
   1.2289112e+03   6.8636328e+02
   1.2136321e+03   7.0775412e+02
   1.2014087e+03   7.3831245e+02
   1.1922412e+03   7.5970329e+02
   1.1922412e+03   7.8720580e+02
   1.1830737e+03   8.2387581e+02
   1.1952971e+03   8.6360165e+02
   1.2075204e+03   9.0638332e+02
   1.2380787e+03   9.6444417e+02
   1.2716929e+03   9.9805834e+02
   1.3144746e+03   1.0286167e+03
   1.3755913e+03   1.0408400e+03
   1.4305963e+03   1.0408400e+03
   1.4886571e+03   1.0041700e+03
   1.5375505e+03   9.5833250e+02
   1.5650530e+03   9.1860666e+02
   1.5833880e+03   8.6971331e+02
   1.5956113e+03   8.1165247e+02
   1.5956113e+03   7.5359162e+02
   1.5803321e+03   6.9858661e+02
   1.5528296e+03   6.7108411e+02
   1.5069921e+03   6.4358160e+02
   1.4611546e+03   6.2830243e+02
