   1.4527079e+03   1.0009993e+03
   1.4869467e+03   1.0124122e+03
   1.5200442e+03   1.0295316e+03
   1.5599895e+03   1.0649117e+03
   1.5805328e+03   1.0991506e+03
   1.5725438e+03   1.1448023e+03
   1.5462940e+03   1.1801824e+03
   1.5428701e+03   1.2007257e+03
   1.5189029e+03   1.2577904e+03
   1.5006422e+03   1.2988770e+03
   1.4903706e+03   1.3319745e+03
   1.4390124e+03   1.3764849e+03
   1.3796651e+03   1.3856153e+03
   1.3317308e+03   1.3696372e+03
   1.2883616e+03   1.3490939e+03
   1.2701009e+03   1.3125725e+03
   1.2552641e+03   1.2669207e+03
   1.2370034e+03   1.1881715e+03
   1.2392860e+03   1.1265416e+03
   1.2529815e+03   1.0957267e+03
   1.2860790e+03   1.0409446e+03
   1.3248830e+03   1.0067058e+03
   1.3659696e+03   1.0124122e+03
   1.4127626e+03   9.9757541e+02
