   1.4458754e+03   6.9858661e+02
   1.3939263e+03   6.6802827e+02
   1.3389213e+03   6.8330744e+02
   1.2991954e+03   7.0164245e+02
   1.2686371e+03   7.3525662e+02
   1.2380787e+03   7.8109413e+02
   1.2289112e+03   8.2693164e+02
   1.2289112e+03   8.5748998e+02
   1.2289112e+03   8.9721582e+02
   1.2411346e+03   9.4916500e+02
   1.2594696e+03   9.8889084e+02
   1.2839162e+03   1.0133375e+03
   1.3389213e+03   1.0163933e+03
   1.3908704e+03   1.0225050e+03
   1.4428196e+03   1.0072258e+03
   1.4886571e+03   9.6750000e+02
   1.5222713e+03   9.0943916e+02
   1.5375505e+03   8.5137831e+02
   1.5314388e+03   8.0248497e+02
   1.5039363e+03   7.5970329e+02
