   1.6231138e+03   9.7972334e+02
   1.6231138e+03   1.0255608e+03
   1.6383930e+03   1.0622309e+03
   1.6628397e+03   1.0958450e+03
   1.6964538e+03   1.1294592e+03
   1.7300680e+03   1.1630734e+03
   1.7667380e+03   1.1722409e+03
   1.8034080e+03   1.1416825e+03
   1.8431339e+03   1.1202917e+03
   1.8798039e+03   1.0958450e+03
   1.9103622e+03   1.0561192e+03
   1.9011947e+03   9.8583500e+02
   1.8950830e+03   9.3999749e+02
   1.8828597e+03   9.1555082e+02
   1.8675805e+03   8.8499248e+02
   1.8400780e+03   8.5137831e+02
   1.7881288e+03   7.8414996e+02
   1.7331238e+03   7.8109413e+02
   1.6872863e+03   8.1165247e+02
   1.6536722e+03   8.6360165e+02
   1.6353372e+03   9.0332749e+02
