   1.7919184e+03   7.9092091e+02
   1.8366476e+03   7.9002632e+02
   1.8858498e+03   8.1328554e+02
   1.9171603e+03   8.4638520e+02
   1.9278953e+03   8.9558740e+02
   1.9252116e+03   9.4568419e+02
   1.9010578e+03   1.0091998e+03
   1.8715365e+03   1.0360373e+03
   1.8321747e+03   1.0530344e+03
   1.7919184e+03   1.0628749e+03
   1.7543458e+03   1.0566128e+03
   1.7096165e+03   1.0378265e+03
   1.6935140e+03   1.0029377e+03
   1.6747277e+03   9.6804883e+02
   1.6630981e+03   9.0095492e+02
   1.6675710e+03   8.6069857e+02
   1.6970923e+03   8.2759891e+02
   1.7418216e+03   8.0344510e+02
