   1.4794896e+03   1.1691850e+03
   1.4428196e+03   1.2027992e+03
   1.4092054e+03   1.2364134e+03
   1.3725354e+03   1.2364134e+03
   1.3175304e+03   1.2241901e+03
   1.2625254e+03   1.2150225e+03
   1.2227996e+03   1.1844642e+03
   1.1800179e+03   1.1447384e+03
   1.1464037e+03   1.1080684e+03
   1.1158454e+03   1.0591750e+03
   1.1005662e+03   1.0225050e+03
   1.1005662e+03   1.0011142e+03
   1.1005662e+03   9.4916500e+02
   1.0975104e+03   9.0638332e+02
   1.1127895e+03   8.6665748e+02
   1.1372362e+03   8.2081997e+02
   1.1708504e+03   7.9331747e+02
   1.2289112e+03   7.5970329e+02
   1.2655812e+03   7.4747996e+02
   1.3572563e+03   7.4747996e+02
   1.4000379e+03   7.6275913e+02
   1.4367079e+03   7.7803830e+02
   1.4856013e+03   8.1776414e+02
   1.5344946e+03   8.7276915e+02
   1.5589413e+03   9.3388583e+02
   1.5742205e+03   9.6750000e+02
   1.5681088e+03   1.0011142e+03
   1.5467180e+03   1.0744542e+03
   1.5131038e+03   1.1264034e+03
