   1.4061496e+03   1.1202917e+03
   1.4214288e+03   1.0836217e+03
   1.4428196e+03   1.0408400e+03
   1.4519871e+03   9.7972334e+02
   1.4519871e+03   9.3999749e+02
   1.4397638e+03   9.0027165e+02
   1.4244846e+03   8.5443414e+02
   1.4122613e+03   8.2998747e+02
   1.3817029e+03   8.0248497e+02
   1.3480888e+03   7.7498246e+02
   1.3083629e+03   7.5359162e+02
   1.2380787e+03   7.2608912e+02
   1.2044646e+03   7.2608912e+02
   1.1616829e+03   7.3831245e+02
   1.1127895e+03   7.5970329e+02
   1.0791754e+03   7.9331747e+02
   1.0547287e+03   8.2387581e+02
   1.0394495e+03   8.5137831e+02
   1.0180587e+03   8.9415999e+02
   9.9361203e+02   9.3694166e+02
   9.9972369e+02   1.0011142e+03
   1.0058354e+03   1.0163933e+03
   1.0333379e+03   1.0408400e+03
   1.0455612e+03   1.0805659e+03
   1.0822312e+03   1.1172359e+03
   1.1036220e+03   1.1386267e+03
   1.1494596e+03   1.1691850e+03
   1.1891854e+03   1.1966875e+03
   1.2258554e+03   1.2027992e+03
   1.2900279e+03   1.2058550e+03
   1.3480888e+03   1.1936317e+03
