   1.4917130e+03   9.9500251e+02
   1.5069921e+03   9.5527666e+02
   1.5069921e+03   9.0332749e+02
   1.4886571e+03   8.6054581e+02
   1.4519871e+03   8.2387581e+02
   1.4214288e+03   8.0859664e+02
   1.3542004e+03   8.0554080e+02
   1.2961396e+03   8.1165247e+02
   1.2472462e+03   8.3304331e+02
   1.2350229e+03   8.4526664e+02
   1.2105762e+03   8.7888082e+02
   1.1952971e+03   9.1555082e+02
   1.1861296e+03   9.6444417e+02
   1.1861296e+03   1.0133375e+03
   1.1861296e+03   1.0438958e+03
   1.2044646e+03   1.0652867e+03
   1.2289112e+03   1.0927892e+03
   1.2594696e+03   1.1080684e+03
   1.2930838e+03   1.1233475e+03
   1.3480888e+03   1.0989009e+03
   1.4519871e+03   1.0286167e+03
