   1.4077018e+03   1.0975383e+03
   1.3448499e+03   1.1213786e+03
   1.2971692e+03   1.1538882e+03
   1.2711616e+03   1.1863978e+03
   1.2581577e+03   1.2514169e+03
   1.2798308e+03   1.3055995e+03
   1.2950019e+03   1.3489456e+03
   1.3405153e+03   1.3836225e+03
   1.3860287e+03   1.4009609e+03
   1.4467132e+03   1.3922917e+03
   1.4922266e+03   1.3706186e+03
   1.5269035e+03   1.3381091e+03
   1.5637477e+03   1.2882611e+03
   1.5637477e+03   1.2319112e+03
   1.5529112e+03   1.1777285e+03
   1.5312381e+03   1.1343825e+03
   1.4878920e+03   1.1127094e+03
