   1.2494885e+03   1.0000096e+03
   1.2668270e+03   9.7400191e+02
   1.2950019e+03   9.5016156e+02
   1.3361807e+03   9.3065582e+02
   1.3665230e+03   9.1765200e+02
   1.4033671e+03   9.1548469e+02
   1.4358767e+03   9.1981930e+02
   1.4770555e+03   9.4365965e+02
   1.5008958e+03   9.8483844e+02
   1.4987285e+03   1.0346864e+03
   1.4618844e+03   1.0845344e+03
   1.3881960e+03   1.1018729e+03
   1.3361807e+03   1.0932037e+03
   1.2928346e+03   1.0780325e+03
   1.2559904e+03   1.0715306e+03
   1.2386520e+03   1.0260172e+03
