   1.1979347e+03   7.3059036e+02
   1.2804121e+03   7.3376257e+02
   1.3406842e+03   7.7817352e+02
   1.3882673e+03   8.2681409e+02
   1.4104728e+03   8.6276581e+02
   1.4189320e+03   9.5264513e+02
   1.4147024e+03   1.0192616e+03
   1.4041284e+03   1.0858780e+03
   1.3882673e+03   1.1472074e+03
   1.3692340e+03   1.1831591e+03
   1.3375119e+03   1.2392015e+03
   1.2592641e+03   1.2656366e+03
   1.2032217e+03   1.2719810e+03
   1.1408349e+03   1.2592922e+03
   1.0911369e+03   1.2275701e+03
   1.0414389e+03   1.1884461e+03
   9.9914277e+02   1.1218297e+03
   9.7482249e+02   1.0583855e+03
   9.6213364e+02   9.7590801e+02
   9.6953547e+02   9.0717677e+02
   9.8222431e+02   8.6065101e+02
   1.0002002e+03   8.2046967e+02
   1.0298075e+03   7.8346054e+02
   1.0953665e+03   7.4539401e+02
