   1.0793646e+03   4.9417100e+02
   1.0151959e+03   5.4371896e+02
   9.5752534e+02   5.9326692e+02
   9.3965558e+02   6.5581106e+02
   9.3478201e+02   7.1348164e+02
   9.3640654e+02   7.6871543e+02
   9.5427629e+02   8.2313696e+02
   9.8676676e+02   8.7837075e+02
   1.0493109e+03   9.2873097e+02
   1.1102305e+03   9.6122144e+02
   1.1898322e+03   9.5228656e+02
   1.2466905e+03   9.3035550e+02
   1.3092346e+03   8.7674623e+02
   1.3392883e+03   8.1988791e+02
   1.3579703e+03   7.1266938e+02
   1.3344147e+03   6.3631678e+02
   1.2905526e+03   5.8189526e+02
   1.2385679e+03   5.2422468e+02
   1.1833341e+03   4.9823231e+02
