   5.3353655e+02   5.8931436e+02
   5.6057375e+02   5.4713633e+02
   6.2546303e+02   5.1036574e+02
   7.3793778e+02   5.1577318e+02
   8.0390854e+02   5.4064740e+02
   8.6122740e+02   6.0445519e+02
   8.9583502e+02   6.6718149e+02
   8.9907948e+02   7.3639672e+02
   8.7528675e+02   8.3589361e+02
   8.0174557e+02   9.1592372e+02
   7.4010075e+02   9.6026473e+02
   6.5358171e+02   9.5485729e+02
   5.7571458e+02   9.3430902e+02
   5.1839572e+02   8.9753843e+02
   4.7946215e+02   8.4670849e+02
   4.6540281e+02   7.8722665e+02
   4.6648430e+02   7.0935952e+02
   4.9244001e+02   6.4338876e+02
