   8.9276951e+02   1.2211342e+03
   9.2027201e+02   1.2089109e+03
   9.4777452e+02   1.1844642e+03
   9.7527702e+02   1.1355709e+03
   9.8444452e+02   1.0775100e+03
   9.7833286e+02   1.0347283e+03
   9.6305369e+02   1.0041700e+03
   9.1110451e+02   9.6138833e+02
   8.8054617e+02   9.5833250e+02
   8.5304366e+02   9.6138833e+02
   8.1331782e+02   9.6750000e+02
   7.7053615e+02   1.0072258e+03
   7.5831281e+02   1.0622309e+03
   7.7053615e+02   1.1202917e+03
   7.9803865e+02   1.1722409e+03
   8.3165283e+02   1.2027992e+03
