   1.2716929e+03   7.9026163e+02
   1.2472462e+03   7.9026163e+02
   1.2166879e+03   7.8720580e+02
   1.1952971e+03   7.9026163e+02
   1.1677946e+03   8.1165247e+02
   1.1433479e+03   8.5137831e+02
   1.1311246e+03   8.7888082e+02
   1.1219571e+03   9.1555082e+02
   1.1189012e+03   9.5222083e+02
   1.1189012e+03   9.9500251e+02
   1.1280687e+03   1.0194492e+03
   1.1372362e+03   1.0500075e+03
   1.1525154e+03   1.0897334e+03
   1.1708504e+03   1.1111242e+03
   1.2044646e+03   1.1386267e+03
   1.2441904e+03   1.1447384e+03
   1.2716929e+03   1.1355709e+03
   1.3083629e+03   1.1202917e+03
   1.3664238e+03   1.0713984e+03
   1.4092054e+03   1.0041700e+03
   1.4000379e+03   9.0943916e+02
   1.3694796e+03   8.5748998e+02
   1.3358654e+03   8.1776414e+02
