   1.2061424e+03   9.0248086e+02
   1.2429866e+03   9.2848852e+02
   1.2711616e+03   9.5883078e+02
   1.2841654e+03   9.8483844e+02
   1.2993365e+03   1.0151807e+03
   1.2993365e+03   1.0541922e+03
   1.2950019e+03   1.0888691e+03
   1.2798308e+03   1.1083748e+03
   1.2213136e+03   1.1083748e+03
   1.1562944e+03   1.0975383e+03
   1.1194502e+03   1.0780325e+03
   1.0847734e+03   1.0563595e+03
   1.0739368e+03   1.0195153e+03
   1.0696022e+03   9.9134035e+02
   1.0696022e+03   9.5883078e+02
   1.0869407e+03   9.3065582e+02
   1.1151156e+03   9.0681547e+02
   1.1497925e+03   8.8947704e+02
