   1.2930305e+03   1.1366400e+03
   1.3353155e+03   1.1517418e+03
   1.3927023e+03   1.1638232e+03
   1.4380077e+03   1.1608029e+03
   1.5104962e+03   1.1426807e+03
   1.5527812e+03   1.1185179e+03
   1.5980866e+03   1.0762329e+03
   1.6071477e+03   1.0339479e+03
   1.6252698e+03   9.8562214e+02
   1.6524530e+03   9.3729643e+02
   1.6766159e+03   8.7990964e+02
   1.6494327e+03   7.9533965e+02
   1.6162087e+03   7.2587143e+02
   1.5829848e+03   6.8056608e+02
   1.5316387e+03   6.4130143e+02
   1.4651909e+03   6.1713858e+02
   1.3896820e+03   6.0807751e+02
   1.3353155e+03   6.2317929e+02
   1.3111527e+03   6.3828108e+02
   1.2718880e+03   6.5338286e+02
   1.2235623e+03   6.8962715e+02
   1.1691959e+03   7.3493250e+02
   1.1601348e+03   7.7721750e+02
   1.1510738e+03   8.4668572e+02
   1.1510738e+03   8.9501143e+02
   1.1571145e+03   9.2521500e+02
   1.1722163e+03   9.9770357e+02
   1.2024198e+03   1.0611311e+03
   1.2356438e+03   1.1003957e+03
