   1.4397638e+03   1.2058550e+03
   1.5069921e+03   1.1508500e+03
   1.5742205e+03   1.0744542e+03
   1.5956113e+03   1.0255608e+03
   1.5986671e+03   9.3999749e+02
   1.5925555e+03   8.6665748e+02
   1.5803321e+03   8.1776414e+02
   1.5558855e+03   7.4442412e+02
   1.5283830e+03   7.0164245e+02
   1.4825455e+03   6.7413994e+02
   1.4244846e+03   6.5580494e+02
   1.3664238e+03   6.3746994e+02
   1.2686371e+03   6.3746994e+02
   1.1983529e+03   6.8636328e+02
   1.1525154e+03   7.3525662e+02
   1.1219571e+03   7.9026163e+02
   1.0944545e+03   8.6360165e+02
   1.0883429e+03   9.1860666e+02
   1.0883429e+03   9.7055583e+02
   1.1005662e+03   1.0286167e+03
   1.1311246e+03   1.0836217e+03
   1.1616829e+03   1.1325150e+03
   1.1952971e+03   1.1783525e+03
   1.2380787e+03   1.2027992e+03
   1.2930838e+03   1.2303017e+03
   1.3572563e+03   1.2364134e+03
