   1.6227085e+03   6.2718720e+02
   1.5738744e+03   6.6076066e+02
   1.5433531e+03   6.9128199e+02
   1.5280924e+03   7.1875118e+02
   1.5097796e+03   7.5842891e+02
   1.4975711e+03   7.9200237e+02
   1.4884147e+03   8.4388863e+02
   1.4853626e+03   8.9272275e+02
   1.4945190e+03   9.5071327e+02
   1.5158839e+03   9.9954739e+02
   1.5403009e+03   1.0514336e+03
   1.5738744e+03   1.0941635e+03
   1.6257607e+03   1.1277370e+03
   1.6776469e+03   1.1429976e+03
   1.7051161e+03   1.1399455e+03
   1.7600545e+03   1.1033199e+03
   1.7936280e+03   1.0727986e+03
   1.8302536e+03   1.0300687e+03
   1.8577227e+03   9.9344313e+02
   1.8790877e+03   9.5071327e+02
   1.9004526e+03   8.8967062e+02
   1.9035047e+03   8.4694076e+02
   1.8974005e+03   7.9810664e+02
   1.8943483e+03   7.3706398e+02
   1.8607749e+03   6.9433412e+02
   1.8180450e+03   6.6076066e+02
   1.7814194e+03   6.3939573e+02
   1.7386896e+03   6.2108294e+02
   1.6959597e+03   6.0887441e+02
