   1.3603121e+03   8.6054581e+02
   1.4061496e+03   8.4832248e+02
   1.4336521e+03   8.4832248e+02
   1.4580988e+03   8.6054581e+02
   1.4856013e+03   8.7582498e+02
   1.5008805e+03   8.9721582e+02
   1.5100480e+03   9.1860666e+02
   1.5131038e+03   9.3999749e+02
   1.5131038e+03   9.7055583e+02
   1.5069921e+03   9.9805834e+02
   1.4764338e+03   1.0286167e+03
   1.4336521e+03   1.0469517e+03
   1.3969821e+03   1.0530634e+03
   1.3480888e+03   1.0561192e+03
   1.3083629e+03   1.0438958e+03
   1.2930838e+03   1.0072258e+03
   1.2869721e+03   9.5833250e+02
   1.2900279e+03   9.2166249e+02
   1.3205863e+03   8.8804832e+02
   1.3328096e+03   8.7276915e+02
   1.3480888e+03   8.6665748e+02
