   1.4672663e+03   8.1165247e+02
   1.4489313e+03   7.6887079e+02
   1.4244846e+03   7.3525662e+02
   1.4030938e+03   7.0469828e+02
   1.3664238e+03   6.9247495e+02
   1.3114188e+03   6.6497244e+02
   1.2625254e+03   6.6497244e+02
   1.2197437e+03   6.6802827e+02
   1.1739062e+03   6.7719578e+02
   1.1525154e+03   6.8636328e+02
   1.1280687e+03   6.9553078e+02
   1.1036220e+03   7.1080995e+02
   1.0791754e+03   7.4136829e+02
   1.0547287e+03   7.7498246e+02
   1.0394495e+03   8.1470830e+02
   1.0272262e+03   8.4221081e+02
   1.0211145e+03   8.5443414e+02
   1.0180587e+03   8.8804832e+02
   1.0150029e+03   9.2166249e+02
   1.0272262e+03   9.5527666e+02
   1.0455612e+03   9.9500251e+02
   1.0822312e+03   1.0438958e+03
   1.1189012e+03   1.0591750e+03
   1.1647387e+03   1.0713984e+03
   1.2166879e+03   1.0866775e+03
   1.2503021e+03   1.0775100e+03
   1.2991954e+03   1.0591750e+03
   1.3266979e+03   1.0530634e+03
   1.3725354e+03   1.0316725e+03
   1.4153171e+03   9.9500251e+02
   1.4550429e+03   9.5222083e+02
   1.4794896e+03   9.0943916e+02
   1.4794896e+03   8.7276915e+02
