   1.2343174e+03   8.2662520e+02
   1.2819981e+03   8.1145407e+02
   1.3426826e+03   8.1578868e+02
   1.3946979e+03   8.3312712e+02
   1.4488805e+03   8.6997129e+02
   1.4987285e+03   9.1548469e+02
   1.5464092e+03   9.8050383e+02
   1.5789188e+03   1.0541922e+03
   1.5832534e+03   1.1322151e+03
   1.5615804e+03   1.1907324e+03
   1.5095651e+03   1.2709226e+03
   1.4532151e+03   1.3186033e+03
   1.3643557e+03   1.3359418e+03
   1.2928346e+03   1.3207706e+03
   1.2559904e+03   1.2990976e+03
   1.1736329e+03   1.2622534e+03
   1.1346214e+03   1.2080708e+03
   1.1107810e+03   1.1517209e+03
   1.0847734e+03   1.0498576e+03
   1.0869407e+03   9.8917305e+02
   1.1281195e+03   9.1115008e+02
   1.1801348e+03   8.6346938e+02
