   1.2668270e+03   1.0216826e+03
   1.2039751e+03   1.0411884e+03
   1.1584617e+03   1.0736979e+03
   1.1389560e+03   1.1105421e+03
   1.1281195e+03   1.1603901e+03
   1.1367887e+03   1.2210746e+03
   1.1627963e+03   1.2709226e+03
   1.2039751e+03   1.3272726e+03
   1.2733289e+03   1.3446110e+03
   1.3383480e+03   1.3077668e+03
   1.3751922e+03   1.2817592e+03
   1.4011998e+03   1.2427477e+03
   1.4402113e+03   1.2189073e+03
   1.4467132e+03   1.1690593e+03
   1.4293748e+03   1.1387171e+03
   1.3990325e+03   1.0867018e+03
   1.3838614e+03   1.0628614e+03
   1.3556864e+03   1.0390211e+03
