   1.2494885e+03   7.3559841e+02
   1.3296788e+03   7.5943876e+02
   1.3296788e+03   7.5943876e+02
   1.3860287e+03   8.0928677e+02
   1.4488805e+03   8.3962903e+02
   1.4662190e+03   9.6316539e+02
   1.4423786e+03   1.0780325e+03
   1.3795268e+03   1.1863978e+03
   1.2711616e+03   1.2427477e+03
   1.1281195e+03   1.2405804e+03
   1.0414273e+03   1.1820632e+03
   9.7424084e+02   1.0801998e+03
   9.7207353e+02   9.6966730e+02
   1.0067504e+03   8.4613094e+02
   1.0891080e+03   7.5943876e+02
   1.1562944e+03   7.4643493e+02
