   1.2524403e+03   7.3608959e+02
   1.3137698e+03   7.2763036e+02
   1.3634677e+03   7.3820440e+02
   1.4311416e+03   7.6886910e+02
   1.4850691e+03   7.9530419e+02
   1.5294801e+03   8.6826505e+02
   1.5368819e+03   9.6660359e+02
   1.4956432e+03   1.0712865e+03
   1.4290268e+03   1.1590511e+03
   1.3391474e+03   1.1960602e+03
   1.2524403e+03   1.1918306e+03
   1.1720777e+03   1.1643381e+03
   1.1181501e+03   1.0998364e+03
   1.0843132e+03   9.9515348e+02
   1.0927724e+03   8.8941312e+02
   1.1572740e+03   7.9741900e+02
