   1.2473212e+03   8.1145407e+02
   1.2950019e+03   8.0495216e+02
   1.3643557e+03   8.3312712e+02
   1.3925306e+03   8.8730973e+02
   1.4185383e+03   9.4582695e+02
   1.4337094e+03   1.0520249e+03
   1.4142037e+03   1.1083748e+03
   1.4142037e+03   1.1777285e+03
   1.4033671e+03   1.2124054e+03
   1.3665230e+03   1.2644207e+03
   1.3123404e+03   1.2600861e+03
   1.2408193e+03   1.2449150e+03
   1.1476252e+03   1.2080708e+03
   1.1129483e+03   1.1560555e+03
   1.1042791e+03   1.0541922e+03
   1.0977772e+03   1.0065115e+03
   1.0847734e+03   9.5232887e+02
   1.1281195e+03   8.8080782e+02
   1.1779675e+03   8.4829825e+02
