   1.1151156e+03   5.9255631e+02
   1.0392600e+03   6.2723318e+02
   9.8941197e+02   6.5324084e+02
   9.4173127e+02   6.9875423e+02
   9.2872744e+02   7.7027529e+02
   9.2222553e+02   8.3962903e+02
   9.2872744e+02   8.9814625e+02
   9.5690240e+02   9.5232887e+02
   1.0067504e+03   1.0281845e+03
   1.0544311e+03   1.0715306e+03
   1.1411233e+03   1.0975383e+03
   1.2364847e+03   1.0932037e+03
   1.2798308e+03   1.0585268e+03
   1.3383480e+03   1.0303518e+03
   1.3925306e+03   9.7183461e+02
   1.4142037e+03   9.0681547e+02
   1.4358767e+03   8.2445790e+02
   1.4120364e+03   7.5943876e+02
   1.3903633e+03   6.8791771e+02
   1.3275115e+03   6.3590240e+02
   1.2624923e+03   6.0772744e+02
   1.2018078e+03   5.9255631e+02
