   1.2538231e+03   6.2289858e+02
   1.2039751e+03   6.5540814e+02
   1.1606290e+03   6.8575041e+02
   1.1367887e+03   7.2692919e+02
   1.1237849e+03   7.6160607e+02
   1.1194502e+03   8.0278485e+02
   1.1086137e+03   8.4613094e+02
   1.1194502e+03   9.0248086e+02
   1.1259522e+03   9.5449617e+02
   1.1584617e+03   9.8483844e+02
   1.1931386e+03   1.0281845e+03
   1.2408193e+03   1.0628614e+03
   1.3080057e+03   1.0953710e+03
   1.3773595e+03   1.0715306e+03
   1.4228729e+03   1.0433557e+03
   1.4748882e+03   1.0021769e+03
   1.5182343e+03   9.5016156e+02
   1.5442419e+03   8.9164434e+02
   1.5594131e+03   8.1578868e+02
   1.5529112e+03   7.4210033e+02
   1.5204016e+03   7.0092154e+02
   1.4857247e+03   6.5974275e+02
   1.4423786e+03   6.2940049e+02
   1.3860287e+03   6.1206205e+02
   1.3318461e+03   6.0339283e+02
