   1.6322813e+03   9.4305333e+02
   1.6292255e+03   1.0011142e+03
   1.6170021e+03   1.0530634e+03
   1.6261696e+03   1.0958450e+03
   1.6536722e+03   1.1386267e+03
   1.6964538e+03   1.1569617e+03
   1.7697938e+03   1.1600175e+03
   1.8278547e+03   1.1416825e+03
   1.9286972e+03   1.0805659e+03
   1.9531439e+03   1.0438958e+03
   1.9653672e+03   1.0102817e+03
   1.9775906e+03   9.5527666e+02
   1.9745347e+03   8.8804832e+02
   1.9409205e+03   8.4221081e+02
   1.9225855e+03   8.0859664e+02
   1.8889714e+03   7.7192663e+02
   1.8247989e+03   7.2303329e+02
   1.7789613e+03   7.1386578e+02
   1.7270122e+03   7.2608912e+02
   1.6842305e+03   7.4747996e+02
   1.6536722e+03   7.8109413e+02
   1.6414488e+03   8.2693164e+02
   1.6353372e+03   8.7582498e+02
