   1.7117330e+03   8.1165247e+02
   1.6872863e+03   8.3915497e+02
   1.6628397e+03   8.7582498e+02
   1.6567280e+03   9.1249499e+02
   1.6536722e+03   9.5527666e+02
   1.6658955e+03   9.9805834e+02
   1.6781188e+03   1.0286167e+03
   1.7086772e+03   1.0652867e+03
   1.7514588e+03   1.0866775e+03
   1.8217430e+03   1.0805659e+03
   1.8492455e+03   1.0591750e+03
   1.8645247e+03   1.0408400e+03
   1.8950830e+03   1.0072258e+03
   1.9195297e+03   9.0638332e+02
   1.9103622e+03   8.7582498e+02
   1.8859155e+03   8.3915497e+02
   1.8247989e+03   7.9026163e+02
   1.7789613e+03   7.9026163e+02
