   1.9466163e+03   5.8427462e+02
   1.9930406e+03   6.0697091e+02
   2.0208951e+03   6.2966721e+02
   2.0281167e+03   6.5752175e+02
   2.0270850e+03   6.9981939e+02
   2.0281167e+03   7.3283219e+02
   2.0250217e+03   7.8028808e+02
   2.0147052e+03   8.3909212e+02
   2.0054204e+03   8.9376956e+02
   1.9528062e+03   9.3090895e+02
   1.9105086e+03   9.6185844e+02
   1.8713059e+03   9.5979514e+02
   1.8145651e+03   9.3606720e+02
   1.7990904e+03   8.9273791e+02
   1.7774258e+03   8.5353521e+02
   1.7598877e+03   8.0917427e+02
   1.7547295e+03   7.6068673e+02
   1.7619510e+03   7.0497764e+02
   1.7784574e+03   6.4204700e+02
   1.8321032e+03   5.9871771e+02
   1.8919389e+03   5.7602142e+02
