   1.3796883e+03   7.9356442e+02
   1.4437838e+03   8.0874493e+02
   1.4876386e+03   8.3151569e+02
   1.5298066e+03   8.5512982e+02
   1.5567942e+03   8.7368378e+02
   1.5778783e+03   9.3356247e+02
   1.5778783e+03   1.0094650e+03
   1.5500473e+03   1.0988614e+03
   1.5053492e+03   1.1747639e+03
   1.4286032e+03   1.2354860e+03
   1.3392069e+03   1.2725939e+03
   1.2422203e+03   1.2371727e+03
   1.1772814e+03   1.1629569e+03
   1.1545107e+03   1.0625968e+03
   1.1604142e+03   9.7994736e+02
   1.1755947e+03   9.2344212e+02
   1.2228230e+03   8.6440680e+02
   1.2843884e+03   8.1549182e+02
