   1.4305963e+03   8.5748998e+02
   1.4092054e+03   8.2693164e+02
   1.3908704e+03   7.9942913e+02
   1.3572563e+03   7.7498246e+02
   1.3083629e+03   7.5970329e+02
   1.2472462e+03   7.4747996e+02
   1.2105762e+03   7.4442412e+02
   1.1402921e+03   7.5664746e+02
   1.1005662e+03   7.9942913e+02
   1.0669520e+03   8.2998747e+02
   1.0486170e+03   8.2998747e+02
   1.0272262e+03   8.7888082e+02
   1.0088912e+03   9.2777416e+02
   1.0058354e+03   9.7361167e+02
   1.0150029e+03   1.0194492e+03
   1.0363937e+03   1.0836217e+03
   1.0608404e+03   1.1294592e+03
   1.1097337e+03   1.1875200e+03
   1.1586271e+03   1.2119667e+03
   1.2197437e+03   1.2241901e+03
   1.2900279e+03   1.2089109e+03
   1.3542004e+03   1.1783525e+03
   1.3939263e+03   1.1294592e+03
   1.4244846e+03   1.0836217e+03
   1.4489313e+03   1.0255608e+03
   1.4611546e+03   9.7972334e+02
   1.4489313e+03   9.2166249e+02
