   1.2624923e+03   6.4890623e+02
   1.3361807e+03   6.1206205e+02
   1.3968652e+03   6.2940049e+02
   1.4683863e+03   6.5540814e+02
   1.5095651e+03   6.9441963e+02
   1.5485765e+03   7.5510415e+02
   1.5702496e+03   8.5696747e+02
   1.5659150e+03   9.6316539e+02
   1.5225689e+03   1.0216826e+03
   1.4705536e+03   1.0932037e+03
   1.3015038e+03   1.1105421e+03
   1.2299828e+03   1.0650287e+03
   1.1888040e+03   1.0216826e+03
   1.1649636e+03   9.0898278e+02
   1.1562944e+03   8.0928677e+02
   1.1823021e+03   7.0959076e+02
