   1.1616829e+03   1.1325150e+03
   1.1219571e+03   1.1172359e+03
   1.1005662e+03   1.0836217e+03
   1.0883429e+03   1.0438958e+03
   1.0730637e+03   9.7055583e+02
   1.0730637e+03   9.7055583e+02
   1.0700079e+03   9.0027165e+02
   1.0700079e+03   8.6971331e+02
   1.0822312e+03   8.4526664e+02
   1.0975104e+03   8.2387581e+02
   1.1127895e+03   7.9942913e+02
   1.1372362e+03   7.8109413e+02
   1.1800179e+03   7.7192663e+02
   1.2258554e+03   7.7498246e+02
   1.2594696e+03   7.8720580e+02
   1.2869721e+03   8.0554080e+02
   1.3114188e+03   8.3304331e+02
   1.3205863e+03   8.6054581e+02
   1.3389213e+03   8.8193665e+02
   1.3542004e+03   9.1555082e+02
   1.3542004e+03   9.1555082e+02
   1.3633679e+03   9.7972334e+02
   1.3511446e+03   1.0438958e+03
   1.3328096e+03   1.0897334e+03
   1.3083629e+03   1.1355709e+03
   1.2716929e+03   1.1569617e+03
   1.2197437e+03   1.1539059e+03
