   1.1427386e+03   8.1179746e+02
   1.1685489e+03   7.9373023e+02
   1.1801635e+03   7.8598713e+02
   1.2008118e+03   7.7953454e+02
   1.2188790e+03   7.7179144e+02
   1.2408178e+03   7.6533886e+02
   1.2601756e+03   7.6017679e+02
   1.2730807e+03   7.5888627e+02
   1.2885669e+03   7.5243369e+02
   1.3117962e+03   7.5759576e+02
   1.3221204e+03   7.6017679e+02
   1.3259919e+03   7.6533886e+02
   1.3350255e+03   7.8340609e+02
   1.3466402e+03   7.9889229e+02
   1.3634169e+03   8.1825004e+02
   1.3827747e+03   8.3502676e+02
   1.4085850e+03   8.4793193e+02
   1.4176186e+03   8.5567503e+02
   1.4318143e+03   8.5696555e+02
   1.4447195e+03   8.6470865e+02
   1.4589152e+03   8.7116123e+02
   1.4692393e+03   8.8277588e+02
   1.4911781e+03   9.0342415e+02
   1.4989212e+03   9.2794397e+02
   1.5040832e+03   9.4343017e+02
   1.5079548e+03   9.5891637e+02
   1.5131169e+03   9.8601722e+02
   1.5131169e+03   1.0053750e+03
   1.5169884e+03   1.0247327e+03
   1.5169884e+03   1.0466715e+03
   1.5169884e+03   1.0569956e+03
   1.5131169e+03   1.0776439e+03
   1.5092453e+03   1.0995827e+03
   1.5027927e+03   1.1202310e+03
   1.4885970e+03   1.1447508e+03
   1.4744014e+03   1.1731421e+03
   1.4640772e+03   1.1924999e+03
   1.4434289e+03   1.2118576e+03
   1.4266522e+03   1.2299249e+03
   1.4060040e+03   1.2454111e+03
   1.3866462e+03   1.2505731e+03
   1.3685790e+03   1.2583162e+03
   1.3376066e+03   1.2699309e+03
   1.3066342e+03   1.2725119e+03
   1.2640471e+03   1.2841266e+03
   1.2408178e+03   1.2854171e+03
   1.2188790e+03   1.2854171e+03
   1.1853256e+03   1.2867076e+03
   1.1620963e+03   1.2841266e+03
   1.1491911e+03   1.2763835e+03
   1.1375765e+03   1.2660593e+03
   1.1311239e+03   1.2583162e+03
   1.1195093e+03   1.2467016e+03
   1.1066041e+03   1.2337964e+03
   1.0975705e+03   1.2170197e+03
   1.0795032e+03   1.2002430e+03
   1.0640170e+03   1.1847568e+03
   1.0485308e+03   1.1628180e+03
   1.0343351e+03   1.1370077e+03
   1.0227205e+03   1.1099068e+03
   1.0175584e+03   1.0879680e+03
   1.0162679e+03   1.0737724e+03
   1.0136869e+03   1.0569956e+03
   1.0149774e+03   1.0376379e+03
   1.0162679e+03   1.0182801e+03
   1.0149774e+03   1.0002129e+03
   1.0253015e+03   9.7440257e+02
   1.0356257e+03   9.5504482e+02
   1.0433688e+03   9.4084913e+02
   1.0511119e+03   9.2794397e+02
   1.0536929e+03   9.1374828e+02
   1.0588550e+03   8.9697156e+02
   1.0730506e+03   8.7761381e+02
   1.0885368e+03   8.5180348e+02
   1.1066041e+03   8.3373625e+02
