   1.4978246e+03   1.0989009e+03
   1.5436621e+03   1.0561192e+03
   1.5803321e+03   1.0072258e+03
   1.6078346e+03   9.6444417e+02
   1.6108905e+03   9.0027165e+02
   1.6139463e+03   8.4526664e+02
   1.6139463e+03   7.9026163e+02
   1.5925555e+03   7.5664746e+02
   1.5619971e+03   7.0775412e+02
   1.5253271e+03   6.6497244e+02
   1.4856013e+03   6.1607910e+02
   1.4550429e+03   5.9163243e+02
   1.4061496e+03   5.7635326e+02
   1.3633679e+03   5.7329742e+02
   1.3114188e+03   5.8246492e+02
   1.2625254e+03   6.0079993e+02
   1.2319671e+03   6.2524660e+02
   1.1861296e+03   6.8636328e+02
   1.1525154e+03   7.5053579e+02
   1.1433479e+03   7.8720580e+02
   1.1402921e+03   8.4832248e+02
   1.1433479e+03   9.1249499e+02
   1.1677946e+03   9.8889084e+02
   1.2136321e+03   1.0438958e+03
   1.2564137e+03   1.0866775e+03
   1.3083629e+03   1.1233475e+03
   1.3786471e+03   1.1386267e+03
   1.4336521e+03   1.1325150e+03
