   1.3297538e+03   9.6444417e+02
   1.3542004e+03   9.7666750e+02
   1.3847588e+03   9.7666750e+02
   1.4092054e+03   9.7361167e+02
   1.4367079e+03   9.6138833e+02
   1.4489313e+03   9.3694166e+02
   1.4580988e+03   9.1249499e+02
   1.4519871e+03   8.9110415e+02
   1.4305963e+03   8.4526664e+02
   1.4030938e+03   8.0248497e+02
   1.3755913e+03   7.8414996e+02
   1.3480888e+03   7.7192663e+02
   1.2961396e+03   7.8109413e+02
   1.2564137e+03   7.9637330e+02
   1.2564137e+03   8.2693164e+02
   1.2625254e+03   8.5748998e+02
   1.2716929e+03   8.9110415e+02
   1.2808604e+03   9.2471832e+02
