   1.3114188e+03   8.8499248e+02
   1.3328096e+03   8.3915497e+02
   1.3542004e+03   7.7498246e+02
   1.3633679e+03   7.3525662e+02
   1.3542004e+03   6.8330744e+02
   1.3297538e+03   6.3746994e+02
   1.2991954e+03   5.8552076e+02
   1.2503021e+03   5.3357158e+02
   1.2044646e+03   5.0606908e+02
   1.1555712e+03   4.9384574e+02
   1.0944545e+03   4.9384574e+02
   1.0455612e+03   5.0912491e+02
   1.0058354e+03   5.3968325e+02
   9.7833286e+02   5.7635326e+02
   9.5083035e+02   6.1607910e+02
   9.3555118e+02   6.5274910e+02
   9.2943951e+02   6.9247495e+02
   9.2943951e+02   7.4136829e+02
   9.3555118e+02   7.9026163e+02
   9.5999785e+02   8.4526664e+02
   9.9055619e+02   8.8804832e+02
   1.0272262e+03   9.2471832e+02
   1.0822312e+03   9.6444417e+02
   1.1311246e+03   9.7055583e+02
   1.1983529e+03   9.5833250e+02
   1.2472462e+03   9.2471832e+02
