   1.2993365e+03   6.7274658e+02
   1.2321501e+03   6.9875423e+02
   1.1714656e+03   7.4426763e+02
   1.1389560e+03   8.0278485e+02
   1.1216175e+03   8.6563669e+02
   1.1237849e+03   9.4799426e+02
   1.1367887e+03   9.9784226e+02
   1.1519598e+03   1.0368537e+03
   1.1692982e+03   1.0650287e+03
   1.1974732e+03   1.1083748e+03
   1.2126443e+03   1.1300478e+03
   1.2646596e+03   1.1452190e+03
   1.2950019e+03   1.1560555e+03
   1.3426826e+03   1.1473863e+03
   1.3925306e+03   1.1300478e+03
   1.4358767e+03   1.1018729e+03
   1.4597171e+03   1.0606941e+03
   1.4943939e+03   1.0108461e+03
   1.5095651e+03   9.5232887e+02
   1.5117324e+03   8.8947704e+02
   1.4987285e+03   8.3312712e+02
   1.4835574e+03   7.8327911e+02
   1.4683863e+03   7.5943876e+02
   1.4467132e+03   7.2909650e+02
   1.4098691e+03   6.9008502e+02
   1.3751922e+03   6.7924849e+02
