   1.4564634e+03   8.3344939e+02
   1.4873349e+03   8.6089066e+02
   1.4953386e+03   8.8490177e+02
   1.4964820e+03   9.1234304e+02
   1.4644672e+03   9.4778802e+02
   1.4393127e+03   9.7522929e+02
   1.4107280e+03   9.9695363e+02
   1.3855735e+03   1.0289684e+03
   1.3627058e+03   1.0644134e+03
   1.3512719e+03   1.1021452e+03
   1.3055365e+03   1.1318732e+03
   1.2643745e+03   1.1272997e+03
   1.2174957e+03   1.0861378e+03
   1.1843375e+03   1.0346854e+03
   1.1820507e+03   9.7408591e+02
   1.2049185e+03   9.0776950e+02
   1.2415068e+03   8.5403034e+02
   1.2872423e+03   8.0372135e+02
   1.3592756e+03   7.8314039e+02
   1.4198751e+03   8.0486473e+02
