   1.1996405e+03   7.7677720e+02
   1.1606290e+03   7.8111181e+02
   1.1194502e+03   7.8978103e+02
   1.1042791e+03   8.4613094e+02
   1.1042791e+03   8.8947704e+02
   1.1172829e+03   9.7400191e+02
   1.1324541e+03   1.0130134e+03
   1.1497925e+03   1.0606941e+03
   1.1649636e+03   1.1083748e+03
   1.1779675e+03   1.1213786e+03
   1.2083097e+03   1.1235459e+03
   1.2819981e+03   1.0671960e+03
   1.3166750e+03   1.0021769e+03
   1.3036711e+03   9.5449617e+02
   1.2711616e+03   8.6997129e+02
   1.2364847e+03   8.0711946e+02
