   5.3218110e+02   6.7413994e+02
   5.2912527e+02   7.1997745e+02
   5.2912527e+02   7.6887079e+02
   5.3523694e+02   8.0248497e+02
   5.4746027e+02   8.3609914e+02
   5.7190694e+02   8.6360165e+02
   6.2691195e+02   8.9415999e+02
   7.0025197e+02   9.1860666e+02
   7.3386614e+02   9.1555082e+02
   7.6442448e+02   9.0332749e+02
   7.8887115e+02   8.8804832e+02
   8.1637366e+02   8.7276915e+02
   8.4387616e+02   8.4221081e+02
   8.5609950e+02   7.9942913e+02
   8.6526700e+02   7.5359162e+02
   8.7137867e+02   7.2303329e+02
   8.5609950e+02   6.7719578e+02
   8.3470866e+02   6.3746994e+02
   8.0109449e+02   6.0691160e+02
   7.6748031e+02   5.8246492e+02
   7.2775447e+02   5.6107409e+02
   6.9719613e+02   5.5496242e+02
   6.5747029e+02   5.6718575e+02
   6.2080029e+02   5.7635326e+02
   5.8107444e+02   5.9468826e+02
   5.4746027e+02   6.2830243e+02
