   1.3247417e+03   8.0233648e+02
   1.3916051e+03   8.1599674e+02
   1.4189256e+03   8.2606220e+02
   1.4584685e+03   8.5841546e+02
   1.4785994e+03   8.8070326e+02
   1.5217371e+03   9.4397185e+02
   1.5296457e+03   1.0000508e+03
   1.5296457e+03   1.0683522e+03
   1.5066389e+03   1.0963917e+03
   1.4807563e+03   1.1294639e+03
   1.4117360e+03   1.1812291e+03
   1.3628466e+03   1.2078307e+03
   1.3103625e+03   1.2099875e+03
   1.2492507e+03   1.1999221e+03
   1.1938907e+03   1.1675688e+03
   1.1493151e+03   1.1280259e+03
   1.1183998e+03   1.0769797e+03
   1.1104912e+03   1.0345610e+03
   1.1083343e+03   9.8567161e+02
   1.1219946e+03   9.3822016e+02
   1.1334980e+03   8.9292560e+02
   1.1672892e+03   8.4619312e+02
   1.2284009e+03   8.1887259e+02
