   1.1282630e+03   7.4011611e+02
   1.0977417e+03   7.6758531e+02
   1.0733246e+03   8.1031517e+02
   1.0611161e+03   8.6220142e+02
   1.0611161e+03   9.2629621e+02
   1.0824810e+03   9.9649526e+02
   1.1130024e+03   1.0422773e+03
   1.1465758e+03   1.0789028e+03
   1.2076185e+03   1.1277370e+03
   1.2595047e+03   1.1460498e+03
   1.3297038e+03   1.1460498e+03
   1.3876943e+03   1.1216327e+03
   1.4273720e+03   1.0666943e+03
   1.4578934e+03   1.0087038e+03
   1.4701019e+03   9.4155687e+02
   1.4670498e+03   8.8051422e+02
   1.4487370e+03   8.1947156e+02
   1.4182156e+03   7.6758531e+02
   1.3602251e+03   7.2790758e+02
   1.2991825e+03   7.0654265e+02
   1.2411919e+03   6.9128199e+02
   1.1984621e+03   6.9738626e+02
