   1.4397638e+03   1.0011142e+03
   1.4794896e+03   9.9194667e+02
   1.5100480e+03   9.7361167e+02
   1.5344946e+03   9.3694166e+02
   1.5558855e+03   8.8804832e+02
   1.5558855e+03   8.3304331e+02
   1.5222713e+03   7.8414996e+02
   1.4825455e+03   7.5359162e+02
   1.4428196e+03   7.3831245e+02
   1.4000379e+03   7.3831245e+02
   1.3633679e+03   7.5664746e+02
   1.3175304e+03   8.0859664e+02
   1.2991954e+03   8.5137831e+02
   1.2991954e+03   8.9110415e+02
   1.3175304e+03   9.2777416e+02
   1.3542004e+03   9.7055583e+02
   1.3878146e+03   9.9194667e+02
