   1.2646596e+03   5.8822170e+02
   1.3080057e+03   6.1422936e+02
   1.3535191e+03   6.4023701e+02
   1.3838614e+03   6.9008502e+02
   1.4142037e+03   7.3343111e+02
   1.4207056e+03   8.0278485e+02
   1.3968652e+03   8.4179634e+02
   1.3730249e+03   8.8297512e+02
   1.3448499e+03   9.1765200e+02
   1.2928346e+03   9.4149235e+02
   1.2494885e+03   9.5449617e+02
   1.2256482e+03   9.4365965e+02
   1.1823021e+03   9.1765200e+02
   1.1649636e+03   8.6997129e+02
   1.1454579e+03   8.1795599e+02
   1.1259522e+03   7.7460989e+02
   1.1324541e+03   7.1825998e+02
   1.1562944e+03   6.7708119e+02
   1.1866367e+03   6.4023701e+02
   1.2148116e+03   6.1206205e+02
