   1.3969821e+03   1.0591750e+03
   1.3817029e+03   1.1019567e+03
   1.3358654e+03   1.1508500e+03
   1.2869721e+03   1.1936317e+03
   1.2105762e+03   1.2180784e+03
   1.1494596e+03   1.2364134e+03
   1.0822312e+03   1.2150225e+03
   1.0394495e+03   1.1814084e+03
   1.0119470e+03   1.1447384e+03
   9.8750036e+02   1.1019567e+03
   9.6610952e+02   1.0347283e+03
   9.5694202e+02   9.7055583e+02
   9.7527702e+02   9.2777416e+02
   1.0027795e+03   8.8193665e+02
   1.0455612e+03   8.3304331e+02
   1.0883429e+03   7.9942913e+02
   1.1433479e+03   7.6581496e+02
   1.2044646e+03   7.6275913e+02
   1.2655812e+03   7.7803830e+02
   1.3389213e+03   8.0248497e+02
   1.3847588e+03   8.4832248e+02
   1.4183729e+03   9.0943916e+02
   1.4336521e+03   9.6750000e+02
