   1.3293930e+03   7.0162701e+02
   1.3836938e+03   6.9097980e+02
   1.4614184e+03   7.1120950e+02
   1.5359489e+03   7.6018668e+02
   1.5881203e+03   8.1342275e+02
   1.6158030e+03   8.8688852e+02
   1.6083500e+03   9.9442538e+02
   1.5167839e+03   1.1040917e+03
   1.4177649e+03   1.1498747e+03
   1.3347166e+03   1.1360333e+03
   1.2665744e+03   1.0859914e+03
   1.2144031e+03   1.0189140e+03
   1.1824614e+03   9.4757764e+02
   1.1750084e+03   8.5175272e+02
   1.1909792e+03   7.7083390e+02
   1.2548625e+03   7.2930977e+02
