   1.4947688e+03   1.0530634e+03
   1.5222713e+03   1.0072258e+03
   1.5406063e+03   9.3999749e+02
   1.5375505e+03   8.7888082e+02
   1.5161596e+03   8.2081997e+02
   1.4764338e+03   7.7498246e+02
   1.4458754e+03   7.2914495e+02
   1.3939263e+03   6.9858661e+02
   1.3419771e+03   6.8941911e+02
   1.2686371e+03   6.9858661e+02
   1.2014087e+03   7.2303329e+02
   1.1586271e+03   7.5664746e+02
   1.1250129e+03   7.9637330e+02
   1.1127895e+03   8.3915497e+02
   1.1097337e+03   8.8499248e+02
   1.1158454e+03   9.3388583e+02
   1.1402921e+03   9.8583500e+02
   1.1708504e+03   1.0286167e+03
   1.2136321e+03   1.0683425e+03
   1.2625254e+03   1.0989009e+03
   1.3389213e+03   1.1172359e+03
   1.4183729e+03   1.1111242e+03
   1.4458754e+03   1.0958450e+03
