   1.1219571e+03   6.4969327e+02
   1.0913987e+03   6.8636328e+02
   1.0669520e+03   7.2303329e+02
   1.0486170e+03   7.5359162e+02
   1.0425054e+03   7.8720580e+02
   1.0425054e+03   8.2998747e+02
   1.0486170e+03   8.6054581e+02
   1.0516729e+03   8.9721582e+02
   1.0577845e+03   9.3388583e+02
   1.0791754e+03   9.7055583e+02
   1.1158454e+03   1.0011142e+03
   1.1677946e+03   1.0163933e+03
   1.2136321e+03   1.0102817e+03
   1.2564137e+03   9.8889084e+02
   1.2716929e+03   9.7666750e+02
   1.3083629e+03   9.5527666e+02
   1.3328096e+03   9.3388583e+02
   1.3572563e+03   9.0027165e+02
   1.3694796e+03   8.4832248e+02
   1.3847588e+03   8.1165247e+02
   1.3878146e+03   7.6275913e+02
   1.3817029e+03   7.3220079e+02
   1.3633679e+03   7.0469828e+02
   1.3358654e+03   6.7108411e+02
   1.2991954e+03   6.4663744e+02
   1.2747487e+03   6.2830243e+02
   1.2258554e+03   6.2524660e+02
   1.1769621e+03   6.2524660e+02
