   1.1963791e+03   1.1245586e+03
   1.2265827e+03   1.1366400e+03
   1.2567863e+03   1.1426807e+03
   1.2900102e+03   1.1396604e+03
   1.3202137e+03   1.1185179e+03
   1.3443766e+03   1.0852939e+03
   1.3594784e+03   1.0399886e+03
   1.3624987e+03   1.0037443e+03
   1.3624987e+03   9.6145929e+02
   1.3504173e+03   9.2521500e+02
   1.3171934e+03   8.9803179e+02
   1.2900102e+03   8.7688929e+02
   1.2718880e+03   8.7084857e+02
   1.2537659e+03   8.6480786e+02
   1.2084605e+03   8.7386893e+02
   1.1571145e+03   8.8595036e+02
   1.1329516e+03   9.1011322e+02
   1.1178498e+03   9.3729643e+02
   1.1118091e+03   9.7052036e+02
   1.1087888e+03   1.0128054e+03
   1.1178498e+03   1.0430089e+03
   1.1359720e+03   1.0762329e+03
   1.1571145e+03   1.1003957e+03
