   1.0869407e+03   7.6810798e+02
   1.1237849e+03   7.5943876e+02
   1.1736329e+03   7.5076954e+02
   1.2083097e+03   7.4643493e+02
   1.2733289e+03   7.5293685e+02
   1.3123404e+03   7.7027529e+02
   1.3600211e+03   8.0061755e+02
   1.4055344e+03   8.3962903e+02
   1.4228729e+03   8.7647321e+02
   1.4337094e+03   9.5016156e+02
   1.4445459e+03   1.0173480e+03
   1.4185383e+03   1.0715306e+03
   1.3946979e+03   1.1018729e+03
   1.3535191e+03   1.1647247e+03
   1.3101730e+03   1.1950670e+03
   1.2191463e+03   1.2210746e+03
   1.1411233e+03   1.2319112e+03
   1.0782715e+03   1.2210746e+03
   1.0262561e+03   1.1842305e+03
   9.9374658e+02   1.1473863e+03
   9.7640814e+02   1.1018729e+03
   9.6340432e+02   1.0628614e+03
   9.5256779e+02   1.0151807e+03
   9.4606588e+02   9.6316539e+02
   9.5906971e+02   9.1331739e+02
   9.8291006e+02   8.5696747e+02
   1.0349254e+03   8.0928677e+02
