   1.1997471e+03   6.8114588e+02
   1.1435795e+03   7.1782676e+02
   1.0965821e+03   7.8660342e+02
   1.0679252e+03   8.5996518e+02
   1.0770954e+03   9.3676578e+02
   1.0988747e+03   1.0066887e+03
   1.1516034e+03   1.0640026e+03
   1.2054785e+03   1.0972446e+03
   1.2742551e+03   1.1236090e+03
   1.3625185e+03   1.1110000e+03
   1.4267100e+03   1.0720265e+03
   1.4863165e+03   1.0066887e+03
   1.5138271e+03   9.1727906e+02
   1.5080957e+03   8.2786941e+02
   1.4886090e+03   7.6367786e+02
   1.4381728e+03   7.0751026e+02
   1.3911754e+03   6.8343843e+02
   1.3476169e+03   6.6968310e+02
   1.3006195e+03   6.6051288e+02
