   1.3554878e+03   1.0002283e+03
   1.3554878e+03   9.6110435e+02
   1.3554878e+03   9.2515263e+02
   1.3427990e+03   8.8602869e+02
   1.3311675e+03   8.5536399e+02
   1.3005028e+03   8.1835486e+02
   1.2708955e+03   8.0989563e+02
   1.2127383e+03   8.0143640e+02
   1.1471793e+03   8.0672342e+02
   1.0837351e+03   8.4373255e+02
   1.0573000e+03   8.9660273e+02
   1.0372093e+03   9.3043965e+02
   1.0276927e+03   9.6321916e+02
   1.0319223e+03   1.0266634e+03
   1.0509555e+03   1.0668447e+03
   1.0805629e+03   1.1197149e+03
   1.1133424e+03   1.1535518e+03
   1.1619829e+03   1.1662407e+03
   1.2349438e+03   1.1884461e+03
   1.2719529e+03   1.1958480e+03
   1.3079046e+03   1.1651833e+03
   1.3290527e+03   1.1281741e+03
   1.3375119e+03   1.0985668e+03
   1.3576026e+03   1.0404096e+03
