   1.4611546e+03   7.7498246e+02
   1.4030938e+03   7.4442412e+02
   1.3603121e+03   7.3220079e+02
   1.3083629e+03   7.2303329e+02
   1.2594696e+03   7.2608912e+02
   1.2105762e+03   7.5053579e+02
   1.1647387e+03   7.9026163e+02
   1.1433479e+03   8.1776414e+02
   1.1189012e+03   8.4832248e+02
   1.0975104e+03   8.7582498e+02
   1.0822312e+03   9.2471832e+02
   1.0791754e+03   9.7055583e+02
   1.0822312e+03   1.0347283e+03
   1.1036220e+03   1.0897334e+03
   1.1372362e+03   1.1264034e+03
   1.1830737e+03   1.1630734e+03
   1.2350229e+03   1.1875200e+03
   1.3144746e+03   1.1966875e+03
   1.3878146e+03   1.1844642e+03
   1.4428196e+03   1.1355709e+03
   1.5069921e+03   1.0713984e+03
   1.5222713e+03   1.0438958e+03
   1.5283830e+03   9.8889084e+02
   1.5436621e+03   8.9721582e+02
   1.5192155e+03   8.2081997e+02
