   1.2451117e+03   6.6587652e+02
   1.2808256e+03   6.5840152e+02
   1.3481006e+03   6.5674041e+02
   1.4004256e+03   6.7169041e+02
   1.4760062e+03   7.0906542e+02
   1.5075673e+03   7.3979599e+02
   1.5324840e+03   7.9544323e+02
   1.5382979e+03   8.3115713e+02
   1.5474340e+03   9.1005993e+02
   1.4976007e+03   1.0304905e+03
   1.4610562e+03   1.1085628e+03
   1.3863062e+03   1.1891267e+03
   1.2766728e+03   1.1849739e+03
   1.1678700e+03   1.1451072e+03
   1.0839839e+03   1.0620516e+03
   1.0474394e+03   9.2002660e+02
   1.0756783e+03   8.2617379e+02
   1.1113922e+03   7.5474599e+02
   1.1687006e+03   6.9577653e+02
