   1.8736922e+03   6.1302326e+02
   1.8339664e+03   6.3441410e+02
   1.8003522e+03   6.8025161e+02
   1.7881288e+03   7.2303329e+02
   1.8125755e+03   7.8109413e+02
   1.8461897e+03   7.9942913e+02
   1.8614689e+03   8.2693164e+02
   1.8950830e+03   8.5443414e+02
   1.9195297e+03   8.6360165e+02
   1.9500880e+03   8.5748998e+02
   1.9775906e+03   8.4221081e+02
   1.9959256e+03   8.1470830e+02
   2.0203722e+03   7.2303329e+02
   2.0142606e+03   6.4663744e+02
   1.9928697e+03   6.0996743e+02
   1.9561997e+03   6.0079993e+02
   1.9195297e+03   5.9468826e+02
