   1.9256414e+03   9.2166249e+02
   1.9042505e+03   8.9110415e+02
   1.8889714e+03   8.7582498e+02
   1.8584130e+03   8.5443414e+02
   1.8370222e+03   8.2998747e+02
   1.8186872e+03   8.2387581e+02
   1.7972963e+03   8.2693164e+02
   1.7697938e+03   8.3915497e+02
   1.7422913e+03   8.6054581e+02
   1.7209005e+03   8.9110415e+02
   1.6995097e+03   9.2471832e+02
   1.6872863e+03   9.7361167e+02
   1.6872863e+03   1.0041700e+03
   1.6964538e+03   1.0377842e+03
   1.6964538e+03   1.0377842e+03
   1.7025655e+03   1.0652867e+03
   1.7147888e+03   1.0897334e+03
   1.7270122e+03   1.1080684e+03
   1.7361797e+03   1.1233475e+03
   1.7514588e+03   1.1416825e+03
   1.7759055e+03   1.1630734e+03
   1.8095197e+03   1.1783525e+03
   1.8339664e+03   1.1783525e+03
   1.8461897e+03   1.1630734e+03
   1.8645247e+03   1.1416825e+03
   1.8798039e+03   1.1172359e+03
   1.8950830e+03   1.0897334e+03
   1.9164739e+03   1.0500075e+03
   1.9286972e+03   1.0133375e+03
   1.9317530e+03   9.8889084e+02
   1.9317530e+03   9.6444417e+02
