   1.3818265e+03   6.8961919e+02
   1.3113355e+03   6.7614296e+02
   1.2242582e+03   7.0931523e+02
   1.1630969e+03   7.6114691e+02
   1.1133384e+03   8.1919840e+02
   1.0988256e+03   8.6792018e+02
   1.1060820e+03   9.5188750e+02
   1.1454741e+03   1.0213420e+03
   1.1962691e+03   1.1084192e+03
   1.2833464e+03   1.1353717e+03
   1.4087790e+03   1.1322618e+03
   1.4968929e+03   1.0679905e+03
   1.5539077e+03   1.0078657e+03
   1.5839701e+03   9.0938552e+02
   1.5559810e+03   8.2645483e+02
   1.5134790e+03   7.5181721e+02
   1.4616473e+03   7.2071820e+02
