   1.3664238e+03   1.2455809e+03
   1.4611546e+03   1.2119667e+03
   1.4978246e+03   1.1080684e+03
   1.4917130e+03   1.0133375e+03
   1.4764338e+03   9.5222083e+02
   1.4336521e+03   8.9110415e+02
   1.3939263e+03   8.5748998e+02
   1.3450329e+03   8.2387581e+02
   1.2869721e+03   8.1470830e+02
   1.2380787e+03   8.2081997e+02
   1.1830737e+03   8.5137831e+02
   1.1219571e+03   9.0943916e+02
   1.0883429e+03   9.7361167e+02
   1.0761195e+03   1.0469517e+03
   1.1005662e+03   1.1141800e+03
   1.1983529e+03   1.2150225e+03
   1.2594696e+03   1.2455809e+03
