   1.2624923e+03   1.2882611e+03
   1.2039751e+03   1.3012649e+03
   1.0912753e+03   1.2492496e+03
   1.0197542e+03   1.1603901e+03
   9.7640814e+02   1.1083748e+03
   9.6773893e+02   1.0086788e+03
   9.6557162e+02   9.0681547e+02
   9.8724467e+02   8.2879251e+02
   1.0370927e+03   7.7027529e+02
   1.1454579e+03   6.7491388e+02
   1.2343174e+03   6.7708119e+02
   1.3080057e+03   6.9875423e+02
   1.3925306e+03   7.2909650e+02
   1.4640517e+03   8.1578868e+02
   1.5138997e+03   9.1331739e+02
   1.5182343e+03   1.0173480e+03
   1.5008958e+03   1.1257132e+03
   1.4445459e+03   1.2080708e+03
   1.3535191e+03   1.2730899e+03
