   9.1721618e+02   1.0347283e+03
   9.4471868e+02   1.0652867e+03
   9.6916535e+02   1.0805659e+03
   9.9666786e+02   1.0866775e+03
   1.0150029e+03   1.0805659e+03
   1.0333379e+03   1.0438958e+03
   1.0425054e+03   1.0194492e+03
   1.0638962e+03   9.7361167e+02
   1.0791754e+03   9.1249499e+02
   1.0669520e+03   8.6665748e+02
   1.0333379e+03   8.2998747e+02
   1.0119470e+03   8.0859664e+02
   9.7222119e+02   7.8109413e+02
   9.1110451e+02   7.9026163e+02
   8.8054617e+02   8.0554080e+02
   8.4998783e+02   8.6054581e+02
   8.4387616e+02   9.0332749e+02
   8.5304366e+02   9.5222083e+02
   8.8360200e+02   1.0072258e+03
