   1.3058384e+03   8.2012329e+02
   1.3578537e+03   8.3095981e+02
   1.4467132e+03   8.7755686e+02
   1.4803065e+03   9.0573182e+02
   1.4954776e+03   1.0054278e+03
   1.4868084e+03   1.0942873e+03
   1.4597171e+03   1.1582228e+03
   1.4217892e+03   1.2156564e+03
   1.3719412e+03   1.2698390e+03
   1.2646596e+03   1.2860938e+03
   1.1833857e+03   1.2514169e+03
   1.1053628e+03   1.1679757e+03
   1.0641840e+03   1.1127094e+03
   1.0728532e+03   9.9892592e+02
   1.1096974e+03   9.3932504e+02
   1.1736329e+03   8.6455303e+02
