   1.2866395e+03   7.6803489e+02
   1.3373034e+03   7.9461267e+02
   1.3564062e+03   8.0790157e+02
   1.3755090e+03   8.3863213e+02
   1.3846451e+03   8.6853214e+02
   1.3746784e+03   9.0756826e+02
   1.3638812e+03   9.6238495e+02
   1.3539145e+03   1.0005905e+03
   1.3198617e+03   1.0363044e+03
   1.2733506e+03   1.0429489e+03
   1.2218561e+03   1.0387961e+03
   1.1794978e+03   1.0014211e+03
   1.1579033e+03   9.4162105e+02
   1.1695311e+03   8.9677104e+02
   1.1853117e+03   8.4361547e+02
   1.2210256e+03   7.9544323e+02
