   1.4900593e+03   6.1422936e+02
   1.4228729e+03   6.2289858e+02
   1.3491845e+03   6.5540814e+02
   1.3210096e+03   6.9875423e+02
   1.2776635e+03   7.6377337e+02
   1.2863327e+03   8.6997129e+02
   1.3015038e+03   9.6533270e+02
   1.3708576e+03   1.0498576e+03
   1.4597171e+03   1.0606941e+03
   1.5377400e+03   1.0281845e+03
   1.5940899e+03   9.9350765e+02
   1.6417706e+03   9.0681547e+02
   1.6591091e+03   8.0278485e+02
   1.6222649e+03   7.4426763e+02
   1.5832534e+03   6.8141580e+02
   1.5550785e+03   6.4890623e+02
