   1.3080057e+03   7.9628294e+02
   1.2364847e+03   8.1795599e+02
   1.1454579e+03   8.4829825e+02
   1.0912753e+03   8.8514243e+02
   1.0565984e+03   9.4582695e+02
   1.0544311e+03   1.0151807e+03
   1.0479292e+03   1.0736979e+03
   1.0696022e+03   1.1235459e+03
   1.0934426e+03   1.1928997e+03
   1.1346214e+03   1.2275765e+03
   1.1996405e+03   1.2514169e+03
   1.2538231e+03   1.2774246e+03
   1.3145077e+03   1.2904284e+03
   1.3946979e+03   1.2839265e+03
   1.4423786e+03   1.2579188e+03
   1.4792228e+03   1.2210746e+03
   1.4965612e+03   1.1560555e+03
   1.5073978e+03   1.0715306e+03
   1.4943939e+03   9.8700574e+02
   1.4705536e+03   9.2415391e+02
   1.4380440e+03   8.7430590e+02
   1.3751922e+03   8.3312712e+02
