   1.0387437e+03   8.2109219e+02
   1.0699722e+03   7.7785260e+02
   1.1372338e+03   7.4782511e+02
   1.2153053e+03   7.6584161e+02
   1.2753603e+03   8.0067349e+02
   1.2993823e+03   8.4391308e+02
   1.3462251e+03   8.7514166e+02
   1.3726493e+03   9.7963732e+02
   1.3810570e+03   1.0613121e+03
   1.3438229e+03   1.1141605e+03
   1.2705559e+03   1.1598023e+03
   1.1924844e+03   1.1862264e+03
   1.1072063e+03   1.1910308e+03
   1.0387437e+03   1.1622045e+03
   1.0003085e+03   1.1213671e+03
   9.7628648e+02   1.0396923e+03
   9.8229198e+02   9.5801753e+02
   9.9910737e+02   8.9916365e+02
