   1.7998224e+03   6.6858772e+02
   1.8444602e+03   6.7572977e+02
   1.9203444e+03   7.0072694e+02
   1.9837301e+03   7.4447198e+02
   2.0328317e+03   7.9982286e+02
   2.0497940e+03   8.5963751e+02
   2.0631854e+03   8.9266948e+02
   2.0613999e+03   9.3552177e+02
   2.0221186e+03   1.0489018e+03
   2.0131910e+03   1.0649714e+03
   1.9837301e+03   1.1408557e+03
   1.8908835e+03   1.2024558e+03
   1.7962513e+03   1.2095979e+03
   1.6882279e+03   1.1685311e+03
   1.6025233e+03   1.0935396e+03
   1.5578855e+03   9.8908713e+02
   1.5623493e+03   8.8999121e+02
   1.6016305e+03   7.7214742e+02
   1.6953699e+03   7.0161969e+02
   1.7507208e+03   6.7572977e+02
