   1.1861296e+03   1.0011142e+03
   1.2258554e+03   1.0408400e+03
   1.2839162e+03   1.0683425e+03
   1.3786471e+03   1.0652867e+03
   1.4519871e+03   1.0011142e+03
   1.5069921e+03   9.1860666e+02
   1.5222713e+03   8.1470830e+02
   1.5039363e+03   7.2914495e+02
   1.4428196e+03   6.8025161e+02
   1.3694796e+03   6.4358160e+02
   1.2778046e+03   6.4969327e+02
   1.2227996e+03   6.6497244e+02
   1.1922412e+03   7.1080995e+02
   1.1586271e+03   7.5970329e+02
   1.1464037e+03   8.1776414e+02
   1.1525154e+03   8.7888082e+02
