   1.2061424e+03   6.9441963e+02
   1.1411233e+03   7.0959076e+02
   1.0999445e+03   7.5510415e+02
   1.0717695e+03   8.2445790e+02
   1.0479292e+03   8.6346938e+02
   1.0544311e+03   9.5016156e+02
   1.0717695e+03   9.8917305e+02
   1.1064464e+03   1.0541922e+03
   1.1519598e+03   1.0975383e+03
   1.2386520e+03   1.1213786e+03
   1.3318461e+03   1.1105421e+03
   1.3535191e+03   1.0801998e+03
   1.3968652e+03   1.0086788e+03
   1.4250402e+03   9.0681547e+02
   1.4120364e+03   8.0928677e+02
   1.3903633e+03   7.5943876e+02
   1.3340134e+03   7.1175806e+02
   1.2754962e+03   6.9225232e+02
