   1.6414488e+03   8.4221081e+02
   1.5925555e+03   8.6360165e+02
   1.5467180e+03   8.7276915e+02
   1.4825455e+03   8.6054581e+02
   1.4428196e+03   8.3915497e+02
   1.3817029e+03   7.8109413e+02
   1.3144746e+03   7.2914495e+02
   1.2930838e+03   6.9247495e+02
   1.2716929e+03   6.3746994e+02
   1.2686371e+03   5.5801825e+02
   1.2869721e+03   5.1218074e+02
   1.3053071e+03   4.8467824e+02
   1.3419771e+03   4.5411990e+02
   1.3878146e+03   4.2050573e+02
   1.4244846e+03   3.9911489e+02
   1.4947688e+03   3.9605905e+02
   1.5589413e+03   4.0522656e+02
   1.6139463e+03   4.3272906e+02
   1.6536722e+03   4.6023157e+02
   1.6842305e+03   5.1523658e+02
   1.7239563e+03   5.7329742e+02
   1.7300680e+03   6.3135827e+02
   1.7209005e+03   7.0164245e+02
   1.7178447e+03   7.5359162e+02
   1.6811747e+03   8.0248497e+02
