   1.4947688e+03   1.2486367e+03
   1.4244846e+03   1.2853067e+03
   1.3755913e+03   1.2853067e+03
   1.2930838e+03   1.2761392e+03
   1.2533579e+03   1.2639159e+03
   1.2166879e+03   1.2394692e+03
   1.1769621e+03   1.2027992e+03
   1.1647387e+03   1.1814084e+03
   1.1525154e+03   1.1661292e+03
   1.1280687e+03   1.1325150e+03
   1.1250129e+03   1.1050125e+03
   1.1189012e+03   1.0316725e+03
   1.1341804e+03   9.6138833e+02
   1.1677946e+03   9.0943916e+02
   1.2014087e+03   8.7582498e+02
   1.2472462e+03   8.4526664e+02
   1.3022513e+03   8.2387581e+02
   1.3755913e+03   8.3304331e+02
   1.4153171e+03   8.4526664e+02
   1.4764338e+03   9.0027165e+02
   1.5161596e+03   9.7361167e+02
   1.5375505e+03   1.0255608e+03
   1.5558855e+03   1.0989009e+03
   1.5497738e+03   1.1569617e+03
   1.5344946e+03   1.1783525e+03
