   1.1800179e+03   8.4221081e+02
   1.1280687e+03   8.7582498e+02
   1.0975104e+03   9.1249499e+02
   1.0638962e+03   9.6138833e+02
   1.0516729e+03   1.0011142e+03
   1.0425054e+03   1.0561192e+03
   1.0608404e+03   1.1080684e+03
   1.0669520e+03   1.1783525e+03
   1.0975104e+03   1.2211342e+03
   1.1311246e+03   1.2578042e+03
   1.1769621e+03   1.2791951e+03
   1.2441904e+03   1.2914184e+03
   1.2991954e+03   1.2883626e+03
   1.3511446e+03   1.2516926e+03
   1.3878146e+03   1.2180784e+03
   1.4397638e+03   1.1630734e+03
   1.4642105e+03   1.1019567e+03
   1.4733780e+03   1.0377842e+03
   1.4672663e+03   9.7666750e+02
   1.4428196e+03   9.2166249e+02
   1.4030938e+03   8.8193665e+02
   1.3572563e+03   8.4526664e+02
   1.2808604e+03   8.1470830e+02
   1.2472462e+03   8.0859664e+02
