   1.2420008e+03   8.5089289e+02
   1.1868438e+03   8.9685702e+02
   1.1519111e+03   9.3424118e+02
   1.1322997e+03   9.6733535e+02
   1.1175912e+03   1.0163638e+03
   1.1133012e+03   1.0586508e+03
   1.1224940e+03   1.0948092e+03
   1.1359768e+03   1.1328062e+03
   1.1623296e+03   1.1848989e+03
   1.1941981e+03   1.2045103e+03
   1.2481293e+03   1.2400559e+03
   1.3038991e+03   1.2547644e+03
   1.3817317e+03   1.2455715e+03
   1.4491458e+03   1.1861246e+03
   1.4816271e+03   1.1082920e+03
   1.4889814e+03   1.0212666e+03
   1.4742728e+03   9.5691682e+02
   1.4368887e+03   9.1217840e+02
   1.4166645e+03   8.7479424e+02
   1.3664103e+03   8.5334431e+02
   1.3173819e+03   8.3741008e+02
