   1.2126443e+03   7.5943876e+02
   1.2494885e+03   7.3776572e+02
   1.3210096e+03   7.2909650e+02
   1.3990325e+03   7.4426763e+02
   1.4337094e+03   7.8111181e+02
   1.4705536e+03   8.0278485e+02
   1.5073978e+03   8.4179634e+02
   1.5355727e+03   8.8297512e+02
   1.5637477e+03   9.4582695e+02
   1.5615804e+03   1.0303518e+03
   1.5464092e+03   1.1040402e+03
   1.4965612e+03   1.1820632e+03
   1.4467132e+03   1.2102381e+03
   1.3816941e+03   1.2319112e+03
   1.2885000e+03   1.2210746e+03
   1.2169789e+03   1.1863978e+03
   1.1606290e+03   1.1343825e+03
   1.1237849e+03   1.0845344e+03
   1.0977772e+03   1.0151807e+03
   1.0977772e+03   9.5232887e+02
   1.0977772e+03   8.8947704e+02
   1.1172829e+03   8.2662520e+02
   1.1606290e+03   7.9628294e+02
