   1.0702725e+03   1.0270166e+03
   1.0702725e+03   1.0575379e+03
   1.0763768e+03   1.0880592e+03
   1.1099502e+03   1.1246848e+03
   1.1282630e+03   1.1521540e+03
   1.1404716e+03   1.1704668e+03
   1.1893057e+03   1.1674147e+03
   1.2686611e+03   1.1368934e+03
   1.3174953e+03   1.0758507e+03
   1.3663294e+03   9.8733886e+02
   1.3663294e+03   9.5986967e+02
   1.3510687e+03   9.2934834e+02
   1.3419123e+03   8.9882701e+02
   1.3174953e+03   8.6830569e+02
   1.2808697e+03   8.2252370e+02
   1.2198270e+03   7.9810664e+02
   1.1557322e+03   8.0115877e+02
   1.1160545e+03   8.2862796e+02
   1.0824810e+03   8.7746209e+02
   1.0733246e+03   9.1408768e+02
   1.0611161e+03   9.4766114e+02
