   1.2498929e+03   7.3373879e+02
   1.2986450e+03   7.1506775e+02
   1.3442854e+03   7.1610503e+02
   1.4054849e+03   7.1817959e+02
   1.4635726e+03   7.5759623e+02
   1.4988401e+03   8.2294487e+02
   1.5143993e+03   8.8725623e+02
   1.5071383e+03   9.8372328e+02
   1.4749826e+03   1.0563329e+03
   1.4500879e+03   1.1382780e+03
   1.4106713e+03   1.1994775e+03
   1.3390990e+03   1.2254095e+03
   1.2654521e+03   1.2285214e+03
   1.1980289e+03   1.1953284e+03
   1.1586122e+03   1.1673218e+03
   1.1067482e+03   1.1030105e+03
   1.0662943e+03   1.0065434e+03
   1.0662943e+03   9.1215096e+02
   1.0901517e+03   8.4057863e+02
   1.1326802e+03   7.9078919e+02
   1.1969916e+03   7.4722343e+02
