   1.3297538e+03   7.7803830e+02
   1.2869721e+03   7.5664746e+02
   1.2564137e+03   7.4747996e+02
   1.2014087e+03   7.5359162e+02
   1.1677946e+03   7.6581496e+02
   1.1250129e+03   7.9331747e+02
   1.0913987e+03   8.1776414e+02
   1.0730637e+03   8.4526664e+02
   1.0608404e+03   8.7276915e+02
   1.0455612e+03   9.0943916e+02
   1.0394495e+03   9.3082999e+02
   1.0272262e+03   9.7972334e+02
   1.0272262e+03   1.0408400e+03
   1.0455612e+03   1.0958450e+03
   1.0730637e+03   1.1416825e+03
   1.1005662e+03   1.1752967e+03
   1.1372362e+03   1.2180784e+03
   1.1952971e+03   1.2211342e+03
   1.2380787e+03   1.2027992e+03
   1.3022513e+03   1.1997434e+03
   1.3633679e+03   1.1600175e+03
   1.4030938e+03   1.1141800e+03
   1.4367079e+03   1.0744542e+03
   1.4611546e+03   9.9500251e+02
   1.4642105e+03   9.3999749e+02
   1.4428196e+03   8.8193665e+02
   1.4153171e+03   8.4221081e+02
   1.3755913e+03   8.0859664e+02
