   1.1523876e+03   6.5794051e+02
   1.2251473e+03   6.7583222e+02
   1.2680874e+03   6.8656724e+02
   1.3217625e+03   7.2712178e+02
   1.3682809e+03   7.9749584e+02
   1.3802087e+03   8.8456882e+02
   1.3670881e+03   9.7999127e+02
   1.3062563e+03   1.0253169e+03
   1.2287256e+03   1.0921126e+03
   1.1225681e+03   1.0897271e+03
   1.0557724e+03   1.0777993e+03
   9.7824167e+02   1.0288953e+03
   9.4245825e+02   9.7999127e+02
   9.2814488e+02   9.2870170e+02
   9.1860264e+02   8.5474930e+02
   9.3530157e+02   7.8676081e+02
   9.9374782e+02   7.2115788e+02
   1.0581580e+03   6.8537446e+02
