   1.1595569e+03   7.1626758e+02
   1.2330184e+03   6.9324235e+02
   1.3163478e+03   7.1626758e+02
   1.4040629e+03   7.5902872e+02
   1.4468240e+03   8.1714000e+02
   1.4632706e+03   8.5441894e+02
   1.4599813e+03   1.0002454e+03
   1.4194131e+03   1.0857677e+03
   1.3689768e+03   1.1296252e+03
   1.3031905e+03   1.1537469e+03
   1.2352112e+03   1.1383968e+03
   1.1672320e+03   1.1098893e+03
   1.1156993e+03   1.0539709e+03
   1.0839026e+03   1.0035347e+03
   1.0663596e+03   9.4980917e+02
   1.0608774e+03   8.6428690e+02
   1.0751311e+03   8.1933288e+02
   1.0915777e+03   7.7328243e+02
