   1.5253271e+03   8.4221081e+02
   1.5192155e+03   7.9331747e+02
   1.4978246e+03   7.6275913e+02
   1.4764338e+03   7.3831245e+02
   1.4489313e+03   7.1692162e+02
   1.4061496e+03   7.0775412e+02
   1.3572563e+03   7.1080995e+02
   1.3205863e+03   7.3525662e+02
   1.3053071e+03   7.6581496e+02
   1.2961396e+03   8.0554080e+02
   1.2991954e+03   8.4526664e+02
   1.3175304e+03   8.6360165e+02
   1.3542004e+03   8.9415999e+02
   1.4153171e+03   9.2166249e+02
   1.4489313e+03   9.2471832e+02
   1.4733780e+03   9.1860666e+02
   1.5008805e+03   8.9110415e+02
