   1.6383930e+03   7.8720580e+02
   1.6108905e+03   7.6275913e+02
   1.5803321e+03   7.3831245e+02
   1.5283830e+03   7.1997745e+02
   1.4886571e+03   7.1080995e+02
   1.4642105e+03   7.0164245e+02
   1.4336521e+03   7.0469828e+02
   1.4030938e+03   7.1080995e+02
   1.3847588e+03   7.1997745e+02
   1.3542004e+03   7.3525662e+02
   1.3144746e+03   7.5359162e+02
   1.2747487e+03   7.9026163e+02
   1.2441904e+03   8.3609914e+02
   1.2258554e+03   8.4832248e+02
   1.2105762e+03   8.8193665e+02
   1.2014087e+03   9.2777416e+02
   1.1983529e+03   9.7361167e+02
   1.2014087e+03   1.0255608e+03
   1.2166879e+03   1.0775100e+03
   1.2472462e+03   1.1202917e+03
   1.2991954e+03   1.1661292e+03
   1.3389213e+03   1.1814084e+03
   1.3847588e+03   1.1966875e+03
   1.4550429e+03   1.2058550e+03
   1.5314388e+03   1.2180784e+03
   1.5956113e+03   1.1997434e+03
   1.6536722e+03   1.1661292e+03
   1.6811747e+03   1.1325150e+03
   1.6964538e+03   1.0713984e+03
   1.7056213e+03   1.0163933e+03
   1.7056213e+03   9.8583500e+02
   1.7209005e+03   9.6444417e+02
   1.7147888e+03   9.1249499e+02
   1.7025655e+03   8.6971331e+02
   1.6811747e+03   8.2998747e+02
