   1.2503021e+03   8.2081997e+02
   1.2350229e+03   8.0248497e+02
   1.2258554e+03   7.8109413e+02
   1.2044646e+03   7.6887079e+02
   1.1708504e+03   7.6581496e+02
   1.1494596e+03   7.6275913e+02
   1.1127895e+03   7.6887079e+02
   1.0730637e+03   7.8109413e+02
   1.0394495e+03   8.0554080e+02
   1.0241704e+03   8.2387581e+02
   1.0150029e+03   8.4526664e+02
   1.0150029e+03   8.6054581e+02
   1.0119470e+03   8.8804832e+02
   1.0180587e+03   9.0943916e+02
   1.0211145e+03   9.2166249e+02
   1.0302820e+03   9.3999749e+02
   1.0486170e+03   9.5833250e+02
   1.0730637e+03   9.7361167e+02
   1.0944545e+03   9.8583500e+02
   1.1280687e+03   9.9194667e+02
   1.1616829e+03   9.8583500e+02
   1.1830737e+03   9.6750000e+02
   1.1983529e+03   9.5222083e+02
   1.2105762e+03   9.3999749e+02
   1.2136321e+03   9.3388583e+02
   1.2350229e+03   8.9415999e+02
   1.2472462e+03   8.6054581e+02
