   1.4917130e+03   1.2639159e+03
   1.5314388e+03   1.2211342e+03
   1.5619971e+03   1.1386267e+03
   1.5558855e+03   1.0591750e+03
   1.5222713e+03   9.7666750e+02
   1.4764338e+03   9.1249499e+02
   1.4214288e+03   8.6971331e+02
   1.3542004e+03   8.3609914e+02
   1.2930838e+03   8.3304331e+02
   1.2136321e+03   8.6971331e+02
   1.1555712e+03   9.3082999e+02
   1.1189012e+03   9.8889084e+02
   1.1158454e+03   1.0469517e+03
   1.1250129e+03   1.1141800e+03
   1.1433479e+03   1.1752967e+03
   1.1922412e+03   1.2272459e+03
   1.2319671e+03   1.2669717e+03
   1.2778046e+03   1.3036417e+03
   1.3297538e+03   1.3219767e+03
   1.4000379e+03   1.3219767e+03
   1.4367079e+03   1.3036417e+03
