   1.5708223e+03   1.0773768e+03
   1.6074479e+03   1.0315948e+03
   1.6227085e+03   9.7970853e+02
   1.6288128e+03   9.2782227e+02
   1.6074479e+03   8.6372749e+02
   1.5738744e+03   8.1184123e+02
   1.5372488e+03   7.8742417e+02
   1.5097796e+03   7.5690284e+02
   1.4670498e+03   7.3553791e+02
   1.4212678e+03   7.1722512e+02
   1.3632773e+03   7.1722512e+02
   1.2778175e+03   7.3859005e+02
   1.2320355e+03   7.5995498e+02
   1.1862536e+03   7.9047630e+02
   1.1618365e+03   8.2404976e+02
   1.1313152e+03   8.6372749e+02
   1.1068981e+03   8.9730095e+02
   1.0885853e+03   9.3392654e+02
   1.0824810e+03   9.6750000e+02
   1.0824810e+03   1.0193863e+03
   1.0824810e+03   1.0438033e+03
   1.0885853e+03   1.0895853e+03
   1.1007938e+03   1.1414716e+03
   1.1435237e+03   1.1780972e+03
   1.1648886e+03   1.2025142e+03
   1.1893057e+03   1.2208270e+03
   1.2259313e+03   1.2360877e+03
   1.2991825e+03   1.2482962e+03
   1.3937986e+03   1.2360877e+03
   1.4670498e+03   1.2025142e+03
   1.5097796e+03   1.1628365e+03
   1.5372488e+03   1.1323152e+03
