   1.1433479e+03   6.1913493e+02
   1.0944545e+03   6.6191661e+02
   1.0608404e+03   7.0775412e+02
   1.0333379e+03   7.6275913e+02
   1.0211145e+03   8.1470830e+02
   1.0241704e+03   8.8804832e+02
   1.0455612e+03   9.4916500e+02
   1.0761195e+03   1.0102817e+03
   1.1158454e+03   1.0438958e+03
   1.1616829e+03   1.0775100e+03
   1.2258554e+03   1.0927892e+03
   1.3144746e+03   1.0744542e+03
   1.3725354e+03   1.0469517e+03
   1.4122613e+03   9.7666750e+02
   1.4519871e+03   9.0332749e+02
   1.4794896e+03   8.5443414e+02
   1.4825455e+03   8.0248497e+02
   1.4703221e+03   7.3831245e+02
   1.4458754e+03   6.9247495e+02
   1.4122613e+03   6.5580494e+02
   1.3542004e+03   6.2524660e+02
   1.2900279e+03   6.0691160e+02
   1.2380787e+03   6.0691160e+02
