   1.2629522e+03   7.9904718e+02
   1.3075900e+03   8.1243852e+02
   1.3622713e+03   8.3029364e+02
   1.4415034e+03   8.9055468e+02
   1.4560107e+03   9.7201866e+02
   1.4526628e+03   1.0691059e+03
   1.3924018e+03   1.1438742e+03
   1.3600394e+03   1.2108309e+03
   1.2651841e+03   1.2588165e+03
   1.1680968e+03   1.2387295e+03
   1.1000242e+03   1.1661931e+03
   1.0375313e+03   1.0780334e+03
   1.0308356e+03   9.9768540e+02
   1.0553864e+03   9.2961275e+02
   1.0866329e+03   8.6600388e+02
   1.1390823e+03   8.1467041e+02
   1.2149665e+03   7.9569935e+02
