   1.2718880e+03   7.5607500e+02
   1.2356438e+03   7.6211572e+02
   1.2145013e+03   7.7117679e+02
   1.1812773e+03   7.9231929e+02
   1.1359720e+03   8.2554322e+02
   1.0936870e+03   8.7084857e+02
   1.0876463e+03   9.3729643e+02
   1.0846259e+03   1.0097850e+03
   1.0997277e+03   1.0671718e+03
   1.1269109e+03   1.1124771e+03
   1.1722163e+03   1.1668436e+03
   1.2265827e+03   1.1940268e+03
   1.2839695e+03   1.2121489e+03
   1.3715598e+03   1.2151693e+03
   1.4168652e+03   1.2000675e+03
   1.4591502e+03   1.1638232e+03
   1.4984148e+03   1.1154975e+03
   1.5346591e+03   1.0581107e+03
   1.5467405e+03   1.0037443e+03
   1.5437202e+03   9.5239821e+02
   1.5316387e+03   9.1615393e+02
   1.5074759e+03   8.6178750e+02
   1.4742520e+03   8.1950250e+02
   1.4410280e+03   7.9231929e+02
   1.3987430e+03   7.6815643e+02
   1.3443766e+03   7.4701393e+02
