   1.2779288e+03   1.0883143e+03
   1.3051120e+03   1.1034161e+03
   1.3262545e+03   1.1034161e+03
   1.3534377e+03   1.0883143e+03
   1.3806209e+03   1.0701921e+03
   1.4078041e+03   1.0399886e+03
   1.4138448e+03   1.0188461e+03
   1.4229059e+03   9.8562214e+02
   1.4138448e+03   9.5239821e+02
   1.3987430e+03   9.1917429e+02
   1.3806209e+03   9.0105214e+02
   1.3655191e+03   8.8897072e+02
   1.3504173e+03   8.7688929e+02
   1.3353155e+03   8.7084857e+02
   1.3020916e+03   8.6480786e+02
   1.2809491e+03   8.6782822e+02
   1.2598066e+03   8.6782822e+02
   1.2386641e+03   8.7386893e+02
   1.2114809e+03   8.9199107e+02
   1.2054402e+03   9.0709286e+02
   1.1993995e+03   9.2219464e+02
   1.1903384e+03   9.5843893e+02
   1.1903384e+03   9.8562214e+02
   1.2084605e+03   1.0188461e+03
   1.2386641e+03   1.0550904e+03
