   1.5344946e+03   7.3220079e+02
   1.5192155e+03   6.9247495e+02
   1.5008805e+03   6.4969327e+02
   1.4856013e+03   6.0691160e+02
   1.4733780e+03   5.9163243e+02
   1.4367079e+03   5.6107409e+02
   1.4244846e+03   5.4273908e+02
   1.3847588e+03   5.1829241e+02
   1.3480888e+03   5.0912491e+02
   1.3083629e+03   5.0912491e+02
   1.2594696e+03   5.1829241e+02
   1.2166879e+03   5.4579492e+02
   1.1739062e+03   5.7329742e+02
   1.1494596e+03   5.9468826e+02
   1.1311246e+03   6.2830243e+02
   1.1158454e+03   6.6497244e+02
   1.1097337e+03   7.0469828e+02
   1.1066779e+03   7.4442412e+02
   1.1158454e+03   7.9331747e+02
   1.1280687e+03   8.3915497e+02
   1.1586271e+03   8.9415999e+02
   1.2044646e+03   9.5833250e+02
   1.2411346e+03   9.9500251e+02
   1.2778046e+03   1.0225050e+03
   1.3266979e+03   1.0438958e+03
   1.3755913e+03   1.0500075e+03
   1.4489313e+03   1.0469517e+03
   1.4917130e+03   1.0072258e+03
   1.5314388e+03   9.6444417e+02
   1.5436621e+03   9.2471832e+02
   1.5436621e+03   8.9415999e+02
   1.5436621e+03   8.7582498e+02
   1.5436621e+03   8.3915497e+02
   1.5467180e+03   7.9026163e+02
