   1.3053071e+03   7.6887079e+02
   1.2655812e+03   7.9026163e+02
   1.2319671e+03   8.2387581e+02
   1.2075204e+03   8.8499248e+02
   1.1922412e+03   9.3999749e+02
   1.1922412e+03   9.9194667e+02
   1.2258554e+03   1.0377842e+03
   1.2594696e+03   1.0683425e+03
   1.3114188e+03   1.0775100e+03
   1.3755913e+03   1.0530634e+03
   1.4214288e+03   1.0316725e+03
   1.4550429e+03   9.5833250e+02
   1.4519871e+03   8.7888082e+02
   1.4458754e+03   8.2998747e+02
   1.4305963e+03   7.9331747e+02
   1.4000379e+03   7.7192663e+02
