   1.5314388e+03   7.1997745e+02
   1.5039363e+03   6.8330744e+02
   1.4458754e+03   6.4052577e+02
   1.3755913e+03   6.1913493e+02
   1.3358654e+03   6.2219077e+02
   1.3022513e+03   6.3746994e+02
   1.2594696e+03   6.7108411e+02
   1.2197437e+03   6.8025161e+02
   1.1800179e+03   7.3525662e+02
   1.1677946e+03   7.9331747e+02
   1.1677946e+03   8.8193665e+02
   1.1800179e+03   9.5527666e+02
   1.2105762e+03   1.0163933e+03
   1.2472462e+03   1.0530634e+03
   1.3083629e+03   1.0989009e+03
   1.3939263e+03   1.1111242e+03
   1.4580988e+03   1.0805659e+03
   1.5192155e+03   1.0286167e+03
   1.5497738e+03   9.7055583e+02
   1.5681088e+03   9.0332749e+02
   1.5681088e+03   8.2998747e+02
   1.5558855e+03   7.7498246e+02
