   1.4214288e+03   6.8941911e+02
   1.3847588e+03   6.6497244e+02
   1.3542004e+03   6.4358160e+02
   1.3114188e+03   6.3135827e+02
   1.2472462e+03   6.3746994e+02
   1.2075204e+03   6.4663744e+02
   1.1616829e+03   6.5886077e+02
   1.1158454e+03   6.8941911e+02
   1.0852870e+03   7.3525662e+02
   1.0700079e+03   7.9942913e+02
   1.0730637e+03   8.4832248e+02
   1.0883429e+03   9.0332749e+02
   1.1158454e+03   9.5833250e+02
   1.1494596e+03   9.8889084e+02
   1.1922412e+03   1.0225050e+03
   1.2380787e+03   1.0469517e+03
   1.3022513e+03   1.0469517e+03
   1.3419771e+03   1.0347283e+03
   1.3664238e+03   1.0102817e+03
   1.3908704e+03   1.0133375e+03
   1.4214288e+03   9.8277917e+02
   1.4458754e+03   9.3694166e+02
   1.4611546e+03   9.0638332e+02
   1.4794896e+03   8.6665748e+02
   1.4825455e+03   8.2998747e+02
   1.4794896e+03   7.9026163e+02
   1.4642105e+03   7.4442412e+02
