   1.4305963e+03   1.0530634e+03
   1.4244846e+03   1.0866775e+03
   1.4183729e+03   1.1172359e+03
   1.3817029e+03   1.1600175e+03
   1.3480888e+03   1.1905759e+03
   1.3114188e+03   1.1997434e+03
   1.2869721e+03   1.2027992e+03
   1.2350229e+03   1.2058550e+03
   1.1952971e+03   1.1814084e+03
   1.1708504e+03   1.1630734e+03
   1.1494596e+03   1.1233475e+03
   1.1372362e+03   1.0927892e+03
   1.1372362e+03   1.0408400e+03
   1.1433479e+03   1.0163933e+03
   1.1525154e+03   1.0041700e+03
   1.1647387e+03   9.7361167e+02
   1.1922412e+03   9.5222083e+02
   1.2166879e+03   9.3388583e+02
   1.2655812e+03   9.0332749e+02
   1.3144746e+03   9.0027165e+02
   1.3633679e+03   9.2166249e+02
   1.4122613e+03   9.6138833e+02
   1.4275404e+03   9.9194667e+02
