   1.4825455e+03   6.2524660e+02
   1.4428196e+03   6.0996743e+02
   1.4030938e+03   6.1302326e+02
   1.3725354e+03   6.1302326e+02
   1.3358654e+03   6.1913493e+02
   1.2839162e+03   6.4052577e+02
   1.2503021e+03   6.6497244e+02
   1.2197437e+03   7.0164245e+02
   1.1922412e+03   7.3525662e+02
   1.1739062e+03   7.8720580e+02
   1.1616829e+03   8.2387581e+02
   1.1616829e+03   8.7276915e+02
   1.1647387e+03   9.1860666e+02
   1.1769621e+03   9.4610916e+02
   1.1952971e+03   9.7972334e+02
   1.1983529e+03   1.0225050e+03
   1.2044646e+03   1.0500075e+03
   1.2411346e+03   1.0836217e+03
   1.2839162e+03   1.1172359e+03
   1.3266979e+03   1.1202917e+03
   1.3817029e+03   1.1172359e+03
   1.4275404e+03   1.1111242e+03
   1.4519871e+03   1.1111242e+03
   1.4856013e+03   1.1233475e+03
   1.5253271e+03   1.1111242e+03
   1.5558855e+03   1.0744542e+03
   1.5894996e+03   1.0225050e+03
   1.6322813e+03   9.4610916e+02
   1.6445047e+03   8.9721582e+02
   1.6414488e+03   8.4221081e+02
   1.6353372e+03   7.8414996e+02
   1.6231138e+03   7.4136829e+02
   1.5894996e+03   7.0164245e+02
   1.5467180e+03   6.6497244e+02
