   1.5558855e+03   6.9247495e+02
   1.5192155e+03   6.8636328e+02
   1.4733780e+03   6.8941911e+02
   1.4214288e+03   7.0164245e+02
   1.3755913e+03   7.3220079e+02
   1.3419771e+03   7.5664746e+02
   1.3114188e+03   7.9637330e+02
   1.2869721e+03   8.2693164e+02
   1.2686371e+03   8.7276915e+02
   1.2594696e+03   9.3082999e+02
   1.2594696e+03   9.9194667e+02
   1.2625254e+03   1.0316725e+03
   1.2808604e+03   1.0652867e+03
   1.3022513e+03   1.0866775e+03
   1.3114188e+03   1.1172359e+03
   1.3328096e+03   1.1416825e+03
   1.3633679e+03   1.1691850e+03
   1.4000379e+03   1.1844642e+03
   1.4397638e+03   1.1905759e+03
   1.4825455e+03   1.1905759e+03
   1.5406063e+03   1.1752967e+03
   1.5956113e+03   1.1569617e+03
   1.6383930e+03   1.1233475e+03
   1.6781188e+03   1.0836217e+03
   1.7147888e+03   1.0194492e+03
   1.7422913e+03   9.4305333e+02
   1.7453472e+03   8.8499248e+02
   1.7331238e+03   8.3915497e+02
   1.7056213e+03   7.9637330e+02
   1.6781188e+03   7.5970329e+02
   1.6445047e+03   7.3220079e+02
   1.6047788e+03   7.0469828e+02
