   1.3836965e+03   8.1188055e+02
   1.3892726e+03   8.1327457e+02
   1.4004247e+03   8.3139678e+02
   1.4129709e+03   8.5161002e+02
   1.4283050e+03   8.7879335e+02
   1.4255170e+03   9.0667368e+02
   1.4234260e+03   9.4082708e+02
   1.4136679e+03   9.6382836e+02
   1.4087888e+03   9.8822365e+02
   1.3871816e+03   1.0084369e+03
   1.3523311e+03   1.0147100e+03
   1.3328149e+03   1.0105279e+03
   1.3035406e+03   9.9937578e+02
   1.2958735e+03   9.9031467e+02
   1.2798423e+03   9.6940442e+02
   1.2652051e+03   9.4919118e+02
   1.2554470e+03   9.1852282e+02
   1.2603260e+03   8.8785445e+02
   1.2652051e+03   8.6206515e+02
   1.2735692e+03   8.3906387e+02
   1.2916914e+03   8.1954764e+02
   1.3174807e+03   8.0700149e+02
   1.3481491e+03   8.0700149e+02
