   1.4825455e+03   1.0469517e+03
   1.5222713e+03   1.0286167e+03
   1.5742205e+03   1.0011142e+03
   1.6108905e+03   9.6138833e+02
   1.6383930e+03   8.9721582e+02
   1.6475605e+03   8.4221081e+02
   1.6475605e+03   7.9637330e+02
   1.6231138e+03   7.5053579e+02
   1.5986671e+03   7.0469828e+02
   1.5742205e+03   6.7108411e+02
   1.5406063e+03   6.4052577e+02
   1.5100480e+03   6.2830243e+02
   1.4703221e+03   6.1913493e+02
   1.4275404e+03   6.2830243e+02
   1.3755913e+03   6.4358160e+02
   1.3450329e+03   6.7108411e+02
   1.2900279e+03   6.8636328e+02
   1.2625254e+03   7.1692162e+02
   1.2472462e+03   7.5664746e+02
   1.2411346e+03   8.0248497e+02
   1.2350229e+03   8.4221081e+02
   1.2411346e+03   8.9110415e+02
   1.2533579e+03   9.1555082e+02
   1.2778046e+03   9.3082999e+02
   1.2900279e+03   9.5527666e+02
   1.2991954e+03   9.6750000e+02
   1.3266979e+03   9.9500251e+02
   1.3694796e+03   1.0255608e+03
   1.4061496e+03   1.0469517e+03
   1.4336521e+03   1.0591750e+03
