   1.4092054e+03   1.0347283e+03
   1.4305963e+03   9.8277917e+02
   1.4336521e+03   9.3694166e+02
   1.4275404e+03   8.8193665e+02
   1.4153171e+03   8.2081997e+02
   1.3908704e+03   7.7498246e+02
   1.3419771e+03   7.4747996e+02
   1.2991954e+03   7.3831245e+02
   1.2380787e+03   7.5359162e+02
   1.1800179e+03   7.8109413e+02
   1.1464037e+03   8.3915497e+02
   1.1280687e+03   9.3082999e+02
   1.1616829e+03   1.0255608e+03
   1.2625254e+03   1.0805659e+03
   1.3114188e+03   1.0989009e+03
   1.3603121e+03   1.0836217e+03
