   1.3730249e+03   5.5137752e+02
   1.3123404e+03   5.5354483e+02
   1.2451539e+03   5.7088327e+02
   1.2039751e+03   5.9689092e+02
   1.1627963e+03   6.5107353e+02
   1.1302868e+03   6.8575041e+02
   1.1194502e+03   7.2259458e+02
   1.1064464e+03   7.8111181e+02
   1.1042791e+03   8.4829825e+02
   1.1107810e+03   9.0681547e+02
   1.1107810e+03   9.5666348e+02
   1.1367887e+03   1.0173480e+03
   1.1779675e+03   1.0455230e+03
   1.2364847e+03   1.0758652e+03
   1.2928346e+03   1.0888691e+03
   1.3166750e+03   1.0888691e+03
   1.3903633e+03   1.0715306e+03
   1.4423786e+03   1.0173480e+03
   1.4835574e+03   9.5232887e+02
   1.5182343e+03   9.2198660e+02
   1.5529112e+03   8.6997129e+02
   1.5767515e+03   7.9628294e+02
   1.5702496e+03   7.3993302e+02
   1.5529112e+03   6.7708119e+02
   1.5117324e+03   6.3156779e+02
   1.4640517e+03   5.9038901e+02
