   1.0091170e+03   1.0460293e+03
   1.0242188e+03   1.1034161e+03
   1.0514020e+03   1.1698639e+03
   1.0967073e+03   1.2151693e+03
   1.1571145e+03   1.2514136e+03
   1.2326234e+03   1.2695357e+03
   1.3141730e+03   1.2604746e+03
   1.4047837e+03   1.1910064e+03
   1.4470687e+03   1.1275789e+03
   1.4500891e+03   1.0792532e+03
   1.4682112e+03   1.0430089e+03
   1.4651909e+03   9.7656107e+02
   1.4440484e+03   9.1615393e+02
   1.4017634e+03   8.5574679e+02
   1.3624987e+03   8.1648215e+02
   1.2839695e+03   7.6815643e+02
   1.2265827e+03   7.4701393e+02
   1.1631552e+03   7.4399357e+02
   1.0906666e+03   7.7419715e+02
   1.0393205e+03   8.1346179e+02
   1.0000559e+03   8.7084857e+02
   9.9703554e+02   9.3125571e+02
   9.9703554e+02   9.8260179e+02
