   1.2402967e+03   6.7248072e+02
   1.1786087e+03   6.8173392e+02
   1.1148644e+03   7.0435284e+02
   1.0593453e+03   7.7837842e+02
   1.0356982e+03   8.4931959e+02
   1.0264450e+03   9.0689504e+02
   1.0603734e+03   9.8092061e+02
   1.1169207e+03   1.0477493e+03
   1.1816931e+03   1.0683119e+03
   1.2629156e+03   1.0611150e+03
   1.3431100e+03   1.0426086e+03
   1.4068542e+03   1.0066239e+03
   1.4592890e+03   9.3259836e+02
   1.4726547e+03   8.8530425e+02
   1.4716266e+03   8.1950374e+02
   1.4531202e+03   7.7118149e+02
   1.3976010e+03   7.3314057e+02
   1.3410537e+03   6.9921218e+02
   1.3102097e+03   6.8893085e+02
