   1.7411646e+03   7.7818359e+02
   1.7684069e+03   7.6910280e+02
   1.8119947e+03   7.8726437e+02
   1.8346966e+03   8.2812790e+02
   1.8592148e+03   9.0349841e+02
   1.8819167e+03   9.8431740e+02
   1.8764682e+03   1.1032757e+03
   1.8374209e+03   1.1632089e+03
   1.7829362e+03   1.1859108e+03
   1.7211868e+03   1.1668412e+03
   1.6857718e+03   1.1504958e+03
   1.6494486e+03   1.0978272e+03
   1.6203901e+03   1.0569637e+03
   1.6104013e+03   1.0033870e+03
   1.6158497e+03   9.4254579e+02
   1.6267467e+03   8.8079645e+02
   1.6458163e+03   8.3357637e+02
   1.6739668e+03   7.9906939e+02
