   1.4289466e+03   1.1275789e+03
   1.4772723e+03   1.1366400e+03
   1.5135166e+03   1.1275789e+03
   1.5618423e+03   1.1064364e+03
   1.5860052e+03   1.0973754e+03
   1.6192291e+03   1.0611311e+03
   1.6524530e+03   1.0128054e+03
   1.6705752e+03   9.7354071e+02
   1.6705752e+03   8.9501143e+02
   1.6554734e+03   8.2252286e+02
   1.6343309e+03   7.8023786e+02
   1.6041273e+03   7.2889179e+02
   1.5558016e+03   6.8660679e+02
   1.5135166e+03   6.5640322e+02
   1.4561298e+03   6.5338286e+02
   1.3987430e+03   6.5942358e+02
   1.3564580e+03   6.7754572e+02
   1.3171934e+03   6.9566786e+02
   1.2869898e+03   7.2285108e+02
   1.2537659e+03   7.6815643e+02
   1.2386641e+03   8.2856357e+02
   1.2386641e+03   8.6782822e+02
   1.2416845e+03   9.1011322e+02
   1.2507455e+03   9.5541857e+02
   1.2779288e+03   9.9468321e+02
   1.3141730e+03   1.0399886e+03
   1.3534377e+03   1.0883143e+03
   1.3806209e+03   1.1124771e+03
