   1.3296788e+03   5.6654866e+02
   1.2841654e+03   5.5137752e+02
   1.2126443e+03   5.6438135e+02
   1.1649636e+03   5.8388709e+02
   1.1151156e+03   6.3373510e+02
   1.0912753e+03   6.8575041e+02
   1.0804388e+03   7.4643493e+02
   1.0804388e+03   8.0928677e+02
   1.0956099e+03   8.6346938e+02
   1.1129483e+03   9.1981930e+02
   1.1476252e+03   9.5883078e+02
   1.1823021e+03   1.0108461e+03
   1.2278155e+03   1.0433557e+03
   1.2733289e+03   1.0780325e+03
   1.3275115e+03   1.0953710e+03
   1.3838614e+03   1.0867018e+03
   1.4055344e+03   1.0585268e+03
   1.4597171e+03   1.0000096e+03
   1.4705536e+03   9.6316539e+02
   1.4813901e+03   9.0898278e+02
   1.4922266e+03   8.2662520e+02
   1.4792228e+03   7.5510415e+02
   1.4532151e+03   6.8791771e+02
   1.4142037e+03   6.2940049e+02
   1.3838614e+03   5.9255631e+02
