   1.1005662e+03   7.9637330e+02
   1.0761195e+03   8.1776414e+02
   1.0577845e+03   8.3304331e+02
   1.0363937e+03   8.5748998e+02
   1.0180587e+03   8.7888082e+02
   1.0058354e+03   9.0332749e+02
   9.9666786e+02   9.4610916e+02
   9.9972369e+02   9.8889084e+02
   1.0058354e+03   1.0133375e+03
   1.0272262e+03   1.0347283e+03
   1.0486170e+03   1.0591750e+03
   1.0700079e+03   1.0866775e+03
   1.1005662e+03   1.1111242e+03
   1.1311246e+03   1.1355709e+03
   1.1586271e+03   1.1539059e+03
   1.1891854e+03   1.1600175e+03
   1.2166879e+03   1.1783525e+03
   1.2411346e+03   1.1936317e+03
   1.2686371e+03   1.1997434e+03
   1.3114188e+03   1.2058550e+03
   1.3633679e+03   1.1966875e+03
   1.4061496e+03   1.1814084e+03
   1.4367079e+03   1.1661292e+03
   1.4672663e+03   1.1416825e+03
   1.5008805e+03   1.1080684e+03
   1.5253271e+03   1.0683425e+03
   1.5375505e+03   1.0347283e+03
   1.5344946e+03   1.0011142e+03
   1.5253271e+03   9.6444417e+02
   1.5069921e+03   9.2471832e+02
   1.4764338e+03   8.7888082e+02
   1.4489313e+03   8.4832248e+02
   1.4061496e+03   8.1470830e+02
   1.3755913e+03   7.9637330e+02
   1.3389213e+03   7.7498246e+02
   1.3083629e+03   7.5970329e+02
   1.2716929e+03   7.5970329e+02
   1.2441904e+03   7.5359162e+02
   1.2044646e+03   7.5053579e+02
   1.1677946e+03   7.6275913e+02
   1.1494596e+03   7.6581496e+02
