   1.0761195e+03   9.7666750e+02
   1.0944545e+03   1.0133375e+03
   1.1341804e+03   1.0591750e+03
   1.1861296e+03   1.0897334e+03
   1.2503021e+03   1.0989009e+03
   1.3175304e+03   1.0683425e+03
   1.3572563e+03   1.0286167e+03
   1.4000379e+03   9.4610916e+02
   1.4153171e+03   8.6054581e+02
   1.4000379e+03   7.8720580e+02
   1.3542004e+03   7.4747996e+02
   1.3083629e+03   7.1386578e+02
   1.2472462e+03   7.1386578e+02
   1.1983529e+03   7.1997745e+02
   1.1555712e+03   7.5359162e+02
   1.1158454e+03   7.9331747e+02
   1.0944545e+03   8.4832248e+02
   1.0822312e+03   9.0332749e+02
