   1.4683863e+03   8.1362138e+02
   1.4943939e+03   8.2012329e+02
   1.5399073e+03   8.3529442e+02
   1.5745842e+03   8.6997129e+02
   1.6179303e+03   9.0898278e+02
   1.6179303e+03   9.5883078e+02
   1.6200976e+03   1.0151807e+03
   1.6135957e+03   1.0736979e+03
   1.5919226e+03   1.1322151e+03
   1.5702496e+03   1.1733939e+03
   1.5485765e+03   1.2275765e+03
   1.4943939e+03   1.2579188e+03
   1.4402113e+03   1.2795919e+03
   1.3795268e+03   1.2882611e+03
   1.3296788e+03   1.2752572e+03
   1.2733289e+03   1.2622534e+03
   1.2299828e+03   1.2254092e+03
   1.2126443e+03   1.1907324e+03
   1.1866367e+03   1.1343825e+03
   1.1823021e+03   1.0780325e+03
   1.1909713e+03   1.0151807e+03
   1.2104770e+03   9.6099809e+02
   1.2364847e+03   9.1981930e+02
   1.2538231e+03   8.8947704e+02
   1.2993365e+03   8.6130208e+02
   1.3426826e+03   8.3312712e+02
   1.4142037e+03   8.2012329e+02
