   1.7805207e+03   5.5848337e+02
   1.8310715e+03   5.2959718e+02
   1.9032870e+03   5.0999583e+02
   1.9837557e+03   5.2959718e+02
   2.0374015e+03   5.6776822e+02
   2.0941422e+03   6.1419246e+02
   2.1199335e+03   6.8021805e+02
   2.1199335e+03   7.7719313e+02
   2.1137436e+03   8.4425037e+02
   2.0724776e+03   9.3090895e+02
   2.0126419e+03   9.9899784e+02
   1.9383631e+03   1.0361372e+03
   1.8527362e+03   1.0361372e+03
   1.7825840e+03   1.0051877e+03
   1.7361598e+03   9.6185844e+02
   1.7134635e+03   9.2368740e+02
   1.6887039e+03   8.4940862e+02
   1.6721975e+03   7.8131973e+02
   1.6773557e+03   7.1219919e+02
   1.7124318e+03   6.4101535e+02
