   1.3389213e+03   9.7972334e+02
   1.3450329e+03   1.0041700e+03
   1.3480888e+03   1.0316725e+03
   1.3603121e+03   1.0683425e+03
   1.3847588e+03   1.1111242e+03
   1.4214288e+03   1.1233475e+03
   1.4733780e+03   1.1233475e+03
   1.5222713e+03   1.1050125e+03
   1.5589413e+03   1.0866775e+03
   1.5833880e+03   1.0622309e+03
   1.6078346e+03   1.0286167e+03
   1.6292255e+03   9.9194667e+02
   1.6536722e+03   9.4610916e+02
   1.6567280e+03   9.2471832e+02
   1.6536722e+03   8.9415999e+02
   1.6536722e+03   8.4832248e+02
   1.6353372e+03   7.9942913e+02
   1.6047788e+03   7.6581496e+02
   1.5589413e+03   7.4136829e+02
   1.5375505e+03   7.3220079e+02
   1.4978246e+03   7.3220079e+02
   1.4672663e+03   7.3220079e+02
   1.4275404e+03   7.5359162e+02
   1.4000379e+03   7.6887079e+02
   1.3694796e+03   8.0248497e+02
   1.3450329e+03   8.3609914e+02
   1.3266979e+03   8.7276915e+02
   1.3205863e+03   9.1249499e+02
