   1.2114312e+03   7.6497244e+02
   1.1482102e+03   7.6668112e+02
   1.1037846e+03   7.9743729e+02
   1.0559416e+03   8.2563046e+02
   1.0251855e+03   8.8030810e+02
   1.0072443e+03   9.1875333e+02
   9.9870097e+02   9.9051774e+02
   1.0123704e+03   1.0571561e+03
   1.0328745e+03   1.1280662e+03
   1.0713197e+03   1.1818895e+03
   1.1328321e+03   1.2220434e+03
   1.1900727e+03   1.2587799e+03
   1.2609828e+03   1.2698863e+03
   1.3429993e+03   1.2536539e+03
   1.3942596e+03   1.2177717e+03
   1.4446655e+03   1.1178141e+03
   1.4668783e+03   1.0110219e+03
   1.4438112e+03   9.2387936e+02
   1.3908422e+03   8.4613457e+02
   1.3088257e+03   7.9658296e+02
   1.2772152e+03   7.8291354e+02
