   1.3725354e+03   1.0744542e+03
   1.3908704e+03   1.0438958e+03
   1.4336521e+03   9.9194667e+02
   1.4458754e+03   9.2471832e+02
   1.4397638e+03   8.5748998e+02
   1.4122613e+03   8.0554080e+02
   1.3878146e+03   7.7192663e+02
   1.3572563e+03   7.2914495e+02
   1.3022513e+03   6.8941911e+02
   1.2472462e+03   6.7413994e+02
   1.1525154e+03   6.7719578e+02
   1.0913987e+03   7.1080995e+02
   1.0333379e+03   7.5053579e+02
   9.9666786e+02   8.0248497e+02
   9.7222119e+02   8.8193665e+02
   9.6916535e+02   9.5222083e+02
   9.8444452e+02   1.0255608e+03
   1.0058354e+03   1.0744542e+03
   1.0486170e+03   1.1172359e+03
   1.1005662e+03   1.1600175e+03
   1.1616829e+03   1.1722409e+03
   1.2350229e+03   1.1752967e+03
   1.3053071e+03   1.1325150e+03
