   1.4440484e+03   8.4366536e+02
   1.4410280e+03   8.1648215e+02
   1.4259262e+03   7.9231929e+02
   1.4108245e+03   7.7117679e+02
   1.3927023e+03   7.5305465e+02
   1.3655191e+03   7.3795286e+02
   1.3413562e+03   7.2587143e+02
   1.2930305e+03   7.1681036e+02
   1.2447048e+03   7.2889179e+02
   1.2114809e+03   7.6211572e+02
   1.1933588e+03   7.8929893e+02
   1.1812773e+03   8.2856357e+02
   1.1842977e+03   8.7386893e+02
   1.1933588e+03   9.2219464e+02
   1.2114809e+03   9.6447964e+02
   1.2477252e+03   9.8562214e+02
   1.2900102e+03   9.9166286e+02
   1.3232341e+03   9.9166286e+02
   1.3564580e+03   9.7354071e+02
   1.3957227e+03   9.3427607e+02
   1.4229059e+03   9.0105214e+02
