   1.2844451e+03   6.1216664e+02
   1.3435426e+03   6.1586023e+02
   1.3952529e+03   6.3186581e+02
   1.4309577e+03   6.7865135e+02
   1.4629689e+03   7.1804970e+02
   1.4802056e+03   7.8699681e+02
   1.4678937e+03   8.2885755e+02
   1.4740496e+03   8.6825590e+02
   1.4494257e+03   9.0149825e+02
   1.4235705e+03   9.4212780e+02
   1.3509298e+03   9.8275735e+02
   1.2598211e+03   9.8398855e+02
   1.2056484e+03   9.3597181e+02
   1.1810244e+03   8.9657346e+02
   1.1514757e+03   8.4486313e+02
   1.1330077e+03   7.8207201e+02
   1.1330077e+03   7.2913048e+02
   1.1576317e+03   6.7865135e+02
   1.1797932e+03   6.4787139e+02
   1.2265788e+03   6.2694102e+02
