   1.2099021e+03   6.6680218e+02
   1.3258506e+03   6.5157663e+02
   1.4043208e+03   6.6445979e+02
   1.4628806e+03   7.1482125e+02
   1.5202692e+03   7.9797621e+02
   1.5460355e+03   8.6356322e+02
   1.5319812e+03   1.0041068e+03
   1.4570246e+03   1.0837482e+03
   1.3879240e+03   1.1352808e+03
   1.2860299e+03   1.1411368e+03
   1.1981901e+03   1.1060009e+03
   1.1443151e+03   1.0591531e+03
   1.1056656e+03   9.9590844e+02
   1.0798993e+03   8.9635672e+02
   1.0880977e+03   8.0031860e+02
   1.1478287e+03   7.0779407e+02
