   1.3990325e+03   6.9875423e+02
   1.3708576e+03   6.8791771e+02
   1.3383480e+03   7.0308884e+02
   1.3036711e+03   7.2476189e+02
   1.2689943e+03   7.4643493e+02
   1.2516558e+03   7.7894450e+02
   1.2494885e+03   8.1795599e+02
   1.2559904e+03   8.5046555e+02
   1.2668270e+03   8.9164434e+02
   1.2776635e+03   9.1331739e+02
   1.2906673e+03   9.4799426e+02
   1.3318461e+03   9.6533270e+02
   1.3600211e+03   9.5449617e+02
   1.3730249e+03   9.3065582e+02
   1.3925306e+03   8.7430590e+02
   1.4011998e+03   8.4396364e+02
   1.4120364e+03   8.0278485e+02
   1.4098691e+03   7.7027529e+02
   1.4098691e+03   7.4210033e+02
