   1.2332497e+03   6.3071877e+02
   1.1786343e+03   6.3349582e+02
   1.1175391e+03   6.5663796e+02
   1.0666263e+03   7.1773321e+02
   1.0425585e+03   7.9641648e+02
   1.0499640e+03   9.0101895e+02
   1.0795859e+03   9.8618202e+02
   1.1443839e+03   1.0167296e+03
   1.2128847e+03   1.0361690e+03
   1.2776827e+03   1.0037700e+03
   1.3147101e+03   9.6489125e+02
   1.3582173e+03   9.2508677e+02
   1.3822851e+03   8.7047132e+02
   1.3822851e+03   7.9826785e+02
   1.3776567e+03   7.1865889e+02
   1.3471091e+03   6.8070579e+02
   1.2989734e+03   6.4923248e+02
