   1.2711616e+03   6.1639666e+02
   1.3080057e+03   6.1639666e+02
   1.3470172e+03   6.2506588e+02
   1.3946979e+03   6.4457162e+02
   1.4250402e+03   6.7924849e+02
   1.4445459e+03   7.2259458e+02
   1.4705536e+03   7.9628294e+02
   1.4748882e+03   8.6563669e+02
   1.4662190e+03   9.3715774e+02
   1.4380440e+03   9.9784226e+02
   1.3968652e+03   1.0563595e+03
   1.3578537e+03   1.1083748e+03
   1.2668270e+03   1.1148767e+03
   1.1996405e+03   1.1105421e+03
   1.1411233e+03   1.0715306e+03
   1.1129483e+03   1.0000096e+03
   1.0847734e+03   9.0248086e+02
   1.0912753e+03   8.2229059e+02
   1.1172829e+03   7.5076954e+02
   1.1324541e+03   7.0525615e+02
   1.1714656e+03   6.6407736e+02
   1.2321501e+03   6.3373510e+02
