   1.4229059e+03   1.0218664e+03
   1.4380077e+03   9.8260179e+02
   1.4500891e+03   9.4937786e+02
   1.4531095e+03   9.1615393e+02
   1.4561298e+03   8.8595036e+02
   1.4561298e+03   8.6178750e+02
   1.4470687e+03   8.2554322e+02
   1.4198855e+03   8.1044143e+02
   1.4017634e+03   7.9836000e+02
   1.3806209e+03   7.8929893e+02
   1.3564580e+03   7.9231929e+02
   1.3292748e+03   8.0138036e+02
   1.2930305e+03   8.1648215e+02
   1.2537659e+03   8.4064500e+02
   1.2265827e+03   8.7386893e+02
   1.1993995e+03   9.0407250e+02
   1.1812773e+03   9.3729643e+02
   1.1722163e+03   9.6750000e+02
   1.1722163e+03   1.0067646e+03
   1.1782570e+03   1.0339479e+03
   1.1933588e+03   1.0641514e+03
   1.2145013e+03   1.0913346e+03
   1.2356438e+03   1.1154975e+03
   1.2598066e+03   1.1366400e+03
   1.2900102e+03   1.1426807e+03
   1.3202137e+03   1.1336196e+03
   1.3564580e+03   1.1003957e+03
   1.3866616e+03   1.0701921e+03
