   1.0883429e+03   8.3609914e+02
   1.0547287e+03   7.7803830e+02
   9.9972369e+02   7.3831245e+02
   9.1416034e+02   7.1080995e+02
   8.5609950e+02   7.1386578e+02
   8.0109449e+02   7.3220079e+02
   7.3386614e+02   7.8109413e+02
   6.9414030e+02   8.4221081e+02
   6.7886113e+02   9.0332749e+02
   6.8191696e+02   9.7972334e+02
   7.0025197e+02   1.0561192e+03
   7.2775447e+02   1.0866775e+03
   7.7970365e+02   1.1416825e+03
   8.3165283e+02   1.1752967e+03
   9.0499284e+02   1.1875200e+03
   9.6916535e+02   1.1814084e+03
   1.0547287e+03   1.1325150e+03
   1.0944545e+03   1.0866775e+03
   1.1158454e+03   1.0102817e+03
   1.1219571e+03   9.2777416e+02
   1.1219571e+03   9.2777416e+02
