   1.2754962e+03   7.5510415e+02
   1.3166750e+03   7.6810798e+02
   1.3448499e+03   7.7460989e+02
   1.3730249e+03   7.9194833e+02
   1.3816941e+03   8.2879251e+02
   1.3925306e+03   8.6563669e+02
   1.3925306e+03   9.0031356e+02
   1.3925306e+03   9.4799426e+02
   1.3903633e+03   9.8700574e+02
   1.3665230e+03   1.0151807e+03
   1.3383480e+03   1.0390211e+03
   1.2971692e+03   1.0476903e+03
   1.2516558e+03   1.0260172e+03
   1.2299828e+03   9.8700574e+02
   1.2234809e+03   9.5232887e+02
   1.2126443e+03   9.0248086e+02
   1.2083097e+03   8.4829825e+02
   1.2169789e+03   8.1145407e+02
   1.2343174e+03   7.7460989e+02
