   1.5219070e+03   1.0108248e+03
   1.5502500e+03   1.0262846e+03
   1.6030710e+03   1.0636458e+03
   1.6481620e+03   1.1035836e+03
   1.6893882e+03   1.1847475e+03
   1.6958297e+03   1.2504516e+03
   1.6803699e+03   1.3213090e+03
   1.6494503e+03   1.3921664e+03
   1.6095125e+03   1.4372575e+03
   1.5541149e+03   1.4694654e+03
   1.5025823e+03   1.4887901e+03
   1.4420314e+03   1.5068266e+03
   1.3711740e+03   1.5158448e+03
   1.3144881e+03   1.5055382e+03
   1.2359008e+03   1.4475640e+03
   1.2024046e+03   1.3818599e+03
   1.1714850e+03   1.3213090e+03
   1.1508719e+03   1.2079372e+03
   1.1933864e+03   1.1010069e+03
   1.2423424e+03   1.0494743e+03
   1.2771269e+03   1.0327262e+03
   1.3544259e+03   9.8634677e+02
   1.4059586e+03   9.7861687e+02
   1.4639328e+03   9.7990519e+02
