   1.3144746e+03   8.5137831e+02
   1.2564137e+03   8.7582498e+02
   1.2197437e+03   9.0638332e+02
   1.1952971e+03   9.3388583e+02
   1.1708504e+03   9.6444417e+02
   1.1494596e+03   1.0011142e+03
   1.1402921e+03   1.0377842e+03
   1.1372362e+03   1.0713984e+03
   1.1494596e+03   1.1172359e+03
   1.1708504e+03   1.1569617e+03
   1.2044646e+03   1.2058550e+03
   1.2472462e+03   1.2516926e+03
   1.2900279e+03   1.2944742e+03
   1.3542004e+03   1.3128092e+03
   1.4122613e+03   1.2975301e+03
   1.4642105e+03   1.2700276e+03
   1.5100480e+03   1.2364134e+03
   1.5467180e+03   1.2150225e+03
   1.6047788e+03   1.1844642e+03
   1.6231138e+03   1.1111242e+03
   1.6292255e+03   1.0408400e+03
   1.6200580e+03   9.8583500e+02
   1.6108905e+03   9.5833250e+02
   1.5711646e+03   9.1860666e+02
   1.5100480e+03   8.6971331e+02
   1.4611546e+03   8.3609914e+02
   1.4030938e+03   8.3609914e+02
