   1.6506163e+03   1.3953168e+03
   1.6872863e+03   1.3342001e+03
   1.6995097e+03   1.2608601e+03
   1.6842305e+03   1.1661292e+03
   1.6689513e+03   1.1233475e+03
   1.6231138e+03   1.0713984e+03
   1.5742205e+03   1.0316725e+03
   1.5497738e+03   1.0225050e+03
   1.5161596e+03   9.9805834e+02
   1.4642105e+03   9.7361167e+02
   1.3878146e+03   9.7666750e+02
   1.3175304e+03   1.0011142e+03
   1.2564137e+03   1.0469517e+03
   1.1952971e+03   1.1111242e+03
   1.1677946e+03   1.1844642e+03
   1.1586271e+03   1.2547484e+03
   1.1677946e+03   1.3219767e+03
   1.2014087e+03   1.3769817e+03
   1.2503021e+03   1.4350426e+03
   1.3175304e+03   1.4900476e+03
   1.3969821e+03   1.5022709e+03
   1.4764338e+03   1.4900476e+03
   1.5131038e+03   1.4869918e+03
   1.5650530e+03   1.4656009e+03
   1.6017230e+03   1.4472659e+03
