   1.2214921e+03   7.5288731e+02
   1.1726539e+03   7.6664453e+02
   1.1176250e+03   7.9484684e+02
   1.0784169e+03   8.3267920e+02
   1.0515904e+03   8.7876591e+02
   1.0282031e+03   9.3723411e+02
   1.0213245e+03   1.0101474e+03
   1.0385210e+03   1.0858121e+03
   1.0674112e+03   1.1449682e+03
   1.1190008e+03   1.1979335e+03
   1.1795325e+03   1.2116907e+03
   1.2641395e+03   1.2130664e+03
   1.3466828e+03   1.1649162e+03
   1.4161568e+03   1.0968179e+03
   1.4649949e+03   1.0184017e+03
   1.4691221e+03   9.3723411e+02
   1.4409198e+03   8.6432082e+02
   1.3948331e+03   8.1617054e+02
   1.3528736e+03   7.8384106e+02
   1.3040354e+03   7.6870811e+02
