   1.1983529e+03   6.7108411e+02
   1.1616829e+03   6.9247495e+02
   1.1311246e+03   7.1997745e+02
   1.1097337e+03   7.4442412e+02
   1.0975104e+03   7.8109413e+02
   1.0883429e+03   8.2081997e+02
   1.0883429e+03   8.6971331e+02
   1.0822312e+03   9.0638332e+02
   1.0944545e+03   9.6750000e+02
   1.1372362e+03   1.0225050e+03
   1.1494596e+03   1.0561192e+03
   1.1769621e+03   1.0836217e+03
   1.2472462e+03   1.1325150e+03
   1.3022513e+03   1.1477942e+03
   1.3603121e+03   1.1477942e+03
   1.4092054e+03   1.1233475e+03
   1.4489313e+03   1.0958450e+03
   1.4886571e+03   1.0652867e+03
   1.5161596e+03   1.0255608e+03
   1.5406063e+03   9.6750000e+02
   1.5497738e+03   9.1860666e+02
   1.5467180e+03   8.6360165e+02
   1.5344946e+03   8.2387581e+02
   1.5100480e+03   7.8414996e+02
   1.4733780e+03   7.2914495e+02
   1.4367079e+03   6.9247495e+02
   1.3969821e+03   6.5886077e+02
   1.3450329e+03   6.4052577e+02
   1.2747487e+03   6.4052577e+02
