   1.2743247e+03   7.1068074e+02
   1.3055433e+03   7.3005781e+02
   1.3475270e+03   7.6988846e+02
   1.3884341e+03   8.1294863e+02
   1.4250353e+03   8.9906896e+02
   1.4250353e+03   1.0013369e+03
   1.4207293e+03   1.0562386e+03
   1.3991992e+03   1.1068343e+03
   1.3593685e+03   1.1488179e+03
   1.2743247e+03   1.1703480e+03
   1.2108110e+03   1.1595830e+03
   1.1505267e+03   1.1057578e+03
   1.1150021e+03   1.0519326e+03
   1.0870130e+03   1.0002604e+03
   1.0665594e+03   9.4643514e+02
   1.0590239e+03   8.7646238e+02
   1.0773245e+03   8.2909619e+02
   1.1053136e+03   7.9141855e+02
   1.1440677e+03   7.7419448e+02
   1.1785158e+03   7.3328732e+02
   1.2011224e+03   7.2575179e+02
   1.2248055e+03   7.1391025e+02
