   1.5894996e+03   8.5137831e+02
   1.5772763e+03   8.1165247e+02
   1.5589413e+03   7.6581496e+02
   1.5467180e+03   7.2914495e+02
   1.5314388e+03   7.0775412e+02
   1.5069921e+03   6.7719578e+02
   1.4611546e+03   6.5886077e+02
   1.4183729e+03   6.4969327e+02
   1.3847588e+03   6.5274910e+02
   1.3633679e+03   6.5886077e+02
   1.3266979e+03   6.7108411e+02
   1.2930838e+03   6.9247495e+02
   1.2655812e+03   7.0469828e+02
   1.2411346e+03   7.2608912e+02
   1.2197437e+03   7.6275913e+02
   1.2044646e+03   7.9331747e+02
   1.1952971e+03   8.3304331e+02
   1.1952971e+03   8.6971331e+02
   1.2075204e+03   9.1249499e+02
   1.2166879e+03   9.4305333e+02
   1.2258554e+03   9.8583500e+02
   1.2503021e+03   1.0316725e+03
   1.2839162e+03   1.0591750e+03
   1.3328096e+03   1.0897334e+03
   1.3572563e+03   1.0866775e+03
   1.3817029e+03   1.0775100e+03
   1.4305963e+03   1.0591750e+03
   1.4672663e+03   1.0500075e+03
   1.5008805e+03   1.0408400e+03
   1.5497738e+03   9.9805834e+02
   1.5772763e+03   9.6138833e+02
   1.5956113e+03   9.1555082e+02
