   1.5640104e+03   4.0769807e+02
   1.6210882e+03   4.3404169e+02
   1.6627989e+03   4.8233832e+02
   1.7176815e+03   5.5697858e+02
   1.7396345e+03   6.3381414e+02
   1.7154862e+03   7.4138392e+02
   1.6627989e+03   8.2919599e+02
   1.5310808e+03   8.7310203e+02
   1.4410735e+03   8.4895371e+02
   1.3576520e+03   8.0065707e+02
   1.3027695e+03   7.2162621e+02
   1.2698399e+03   6.1186112e+02
   1.2698399e+03   5.3502556e+02
   1.3181366e+03   4.6477591e+02
   1.3664332e+03   4.0330746e+02
   1.4630265e+03   3.9672156e+02
