   1.1066779e+03   6.5886077e+02
   1.0761195e+03   6.7719578e+02
   1.0486170e+03   7.0469828e+02
   1.0302820e+03   7.3525662e+02
   1.0119470e+03   7.6887079e+02
   1.0027795e+03   8.0248497e+02
   1.0088912e+03   8.6360165e+02
   1.0211145e+03   9.1249499e+02
   1.0363937e+03   9.4916500e+02
   1.0486170e+03   9.8277917e+02
   1.0761195e+03   1.0194492e+03
   1.1066779e+03   1.0530634e+03
   1.1433479e+03   1.0866775e+03
   1.1739062e+03   1.1050125e+03
   1.2075204e+03   1.1202917e+03
   1.2594696e+03   1.1233475e+03
   1.3205863e+03   1.1233475e+03
   1.3664238e+03   1.1111242e+03
   1.4061496e+03   1.0897334e+03
   1.4336521e+03   1.0530634e+03
   1.4519871e+03   1.0286167e+03
   1.4611546e+03   1.0072258e+03
   1.4733780e+03   9.9500251e+02
   1.4794896e+03   9.6750000e+02
   1.4978246e+03   9.3999749e+02
   1.5008805e+03   9.0638332e+02
   1.5039363e+03   8.6665748e+02
   1.5008805e+03   8.2998747e+02
   1.4886571e+03   8.0248497e+02
   1.4672663e+03   7.5970329e+02
   1.4458754e+03   7.2303329e+02
   1.4275404e+03   6.9858661e+02
   1.4244846e+03   6.8941911e+02
   1.3817029e+03   6.5580494e+02
   1.3358654e+03   6.2830243e+02
   1.2869721e+03   6.1302326e+02
   1.2380787e+03   6.0996743e+02
   1.2014087e+03   6.0996743e+02
   1.1708504e+03   6.0996743e+02
   1.1433479e+03   6.2830243e+02
