   1.0609330e+03   6.8575041e+02
   1.0284235e+03   6.8791771e+02
   1.0002485e+03   6.9225232e+02
   9.5040049e+02   6.9875423e+02
   9.0271979e+02   7.2259458e+02
   8.7454483e+02   7.4860224e+02
   8.4636987e+02   7.6594068e+02
   8.3119874e+02   7.9628294e+02
   8.3336604e+02   8.2879251e+02
   8.6370831e+02   8.4613094e+02
   9.1355631e+02   8.6563669e+02
   9.7207353e+02   8.5480016e+02
   1.0327581e+03   8.1578868e+02
   1.0609330e+03   8.0278485e+02
   1.0826061e+03   7.7027529e+02
   1.0847734e+03   7.0959076e+02
