   1.6445047e+03   9.4305333e+02
   1.6567280e+03   8.8804832e+02
   1.6658955e+03   8.2387581e+02
   1.6597838e+03   7.5664746e+02
   1.6292255e+03   7.0469828e+02
   1.5772763e+03   6.4663744e+02
   1.5161596e+03   6.1913493e+02
   1.4428196e+03   5.9774409e+02
   1.3205863e+03   5.5496242e+02
   1.2441904e+03   5.9163243e+02
   1.1830737e+03   6.4358160e+02
   1.1250129e+03   7.1997745e+02
   1.1036220e+03   7.7498246e+02
   1.0761195e+03   8.2081997e+02
   1.0761195e+03   9.0027165e+02
   1.0913987e+03   9.8277917e+02
   1.1280687e+03   1.0469517e+03
   1.1891854e+03   1.1050125e+03
   1.2655812e+03   1.1355709e+03
   1.3664238e+03   1.1386267e+03
   1.4642105e+03   1.1080684e+03
   1.5589413e+03   1.0530634e+03
   1.6078346e+03   1.0102817e+03
