   8.7749034e+02   8.2998747e+02
   8.2859699e+02   8.2693164e+02
   7.4608948e+02   8.5443414e+02
   6.6969363e+02   8.9415999e+02
   6.3302362e+02   9.3694166e+02
   6.0857695e+02   9.8889084e+02
   6.0552112e+02   1.0805659e+03
   6.2385612e+02   1.1661292e+03
   6.4830279e+02   1.2241901e+03
   6.8191696e+02   1.2669717e+03
   7.1553114e+02   1.2975301e+03
   7.8581532e+02   1.3280884e+03
   8.6526700e+02   1.3433676e+03
   9.5694202e+02   1.3158651e+03
   1.0333379e+03   1.2516926e+03
   1.0638962e+03   1.1905759e+03
   1.0944545e+03   1.1080684e+03
   1.0883429e+03   1.0377842e+03
   1.0669520e+03   9.9805834e+02
   1.0486170e+03   9.5527666e+02
   1.0211145e+03   9.1860666e+02
   9.8444452e+02   8.7888082e+02
   9.4166285e+02   8.5137831e+02
