   1.8277704e+03   7.4646686e+02
   1.8661209e+03   7.5669364e+02
   1.9159765e+03   7.8481732e+02
   1.9696671e+03   8.2061108e+02
   2.0105743e+03   8.7302337e+02
   2.0297495e+03   9.4077585e+02
   2.0182444e+03   9.9830154e+02
   2.0067392e+03   1.0788375e+03
   1.9619970e+03   1.1657652e+03
   1.8814610e+03   1.2220126e+03
   1.8188220e+03   1.2437445e+03
   1.7191108e+03   1.2322394e+03
   1.6424098e+03   1.2002806e+03
   1.5836058e+03   1.1376415e+03
   1.5593172e+03   1.0507138e+03
   1.5669873e+03   9.4844595e+02
   1.5887192e+03   8.8069347e+02
   1.6372965e+03   8.2316778e+02
   1.6871521e+03   7.7842557e+02
   1.7574612e+03   7.5285860e+02
