   1.2590372e+03   5.2787254e+02
   1.3047544e+03   5.1621915e+02
   1.3737783e+03   5.2607971e+02
   1.4356309e+03   5.5028291e+02
   1.4705911e+03   5.8345026e+02
   1.5163083e+03   6.5247421e+02
   1.5351330e+03   7.2956588e+02
   1.5494756e+03   8.0396832e+02
   1.5512685e+03   8.9898829e+02
   1.5324438e+03   9.6353016e+02
   1.4795553e+03   1.0146258e+03
   1.4302525e+03   1.0558609e+03
   1.3585393e+03   1.0468967e+03
   1.2895153e+03   1.0092473e+03
   1.2178021e+03   9.5277318e+02
   1.1720850e+03   9.0347037e+02
   1.1335391e+03   8.4520340e+02
   1.1165073e+03   7.7707587e+02
   1.1236786e+03   6.9819136e+02
   1.1335391e+03   6.3006383e+02
   1.1711886e+03   5.6283272e+02
