   1.1862536e+03   9.7970853e+02
   1.1954100e+03   1.0010735e+03
   1.2015142e+03   1.0132820e+03
   1.2076185e+03   1.0285427e+03
   1.2228791e+03   1.0438033e+03
   1.2442441e+03   1.0621161e+03
   1.2839218e+03   1.0621161e+03
   1.3144431e+03   1.0560118e+03
   1.3358081e+03   1.0407512e+03
   1.3510687e+03   9.9802133e+02
   1.3510687e+03   9.5529147e+02
   1.3449645e+03   9.3087441e+02
   1.3297038e+03   9.0645735e+02
   1.3022346e+03   8.8814455e+02
   1.2686611e+03   8.8204028e+02
   1.2381398e+03   8.8509242e+02
   1.2167749e+03   9.0035308e+02
   1.1984621e+03   9.2171801e+02
   1.1893057e+03   9.4308294e+02
