   9.2027201e+02   1.0744542e+03
   9.6610952e+02   1.0102817e+03
   1.0027795e+03   9.1555082e+02
   1.0027795e+03   8.1165247e+02
   9.7833286e+02   7.5053579e+02
   9.0804868e+02   6.8941911e+02
   8.6526700e+02   6.5274910e+02
   7.8275948e+02   6.4663744e+02
   7.2775447e+02   6.7719578e+02
   6.8191696e+02   6.7413994e+02
   6.3607946e+02   6.9247495e+02
   6.0552112e+02   7.3220079e+02
   5.6885111e+02   7.9026163e+02
   5.7496278e+02   8.6665748e+02
   5.9329778e+02   9.5527666e+02
   6.1774445e+02   1.0011142e+03
   6.3913529e+02   1.0041700e+03
   6.8191696e+02   1.0408400e+03
   7.3386614e+02   1.0989009e+03
   7.6136865e+02   1.1202917e+03
   8.4387616e+02   1.1202917e+03
