   1.2778046e+03   1.2394692e+03
   1.3083629e+03   1.2364134e+03
   1.3266979e+03   1.2303017e+03
   1.3450329e+03   1.2241901e+03
   1.3603121e+03   1.2089109e+03
   1.3664238e+03   1.1966875e+03
   1.3847588e+03   1.1661292e+03
   1.3969821e+03   1.1294592e+03
   1.4030938e+03   1.0775100e+03
   1.4122613e+03   1.0194492e+03
   1.3969821e+03   9.5833250e+02
   1.3817029e+03   9.2471832e+02
   1.3725354e+03   8.9415999e+02
   1.3542004e+03   8.6971331e+02
   1.3266979e+03   8.4526664e+02
   1.2961396e+03   8.2081997e+02
   1.2503021e+03   8.1470830e+02
   1.2136321e+03   8.1470830e+02
   1.1708504e+03   8.2998747e+02
   1.1464037e+03   8.4832248e+02
   1.1280687e+03   8.6971331e+02
   1.1066779e+03   8.9721582e+02
   1.0883429e+03   9.2166249e+02
   1.0700079e+03   9.4610916e+02
   1.0547287e+03   9.6444417e+02
   1.0425054e+03   9.8583500e+02
   1.0272262e+03   1.0255608e+03
   1.0302820e+03   1.0683425e+03
   1.0425054e+03   1.1080684e+03
   1.0608404e+03   1.1294592e+03
   1.0944545e+03   1.1661292e+03
   1.1127895e+03   1.1875200e+03
   1.1219571e+03   1.1997434e+03
   1.1555712e+03   1.2211342e+03
   1.1769621e+03   1.2394692e+03
   1.2105762e+03   1.2486367e+03
   1.2350229e+03   1.2486367e+03
