   9.8138869e+02   7.1692162e+02
   9.6610952e+02   7.5359162e+02
   9.5999785e+02   7.8720580e+02
   9.5999785e+02   8.3609914e+02
   9.5999785e+02   8.7888082e+02
   9.8444452e+02   9.1860666e+02
   1.0150029e+03   9.4305333e+02
   1.0272262e+03   9.7055583e+02
   1.0669520e+03   1.0133375e+03
   1.1036220e+03   1.0530634e+03
   1.1494596e+03   1.0805659e+03
   1.2014087e+03   1.0897334e+03
   1.2441904e+03   1.0866775e+03
   1.2991954e+03   1.0744542e+03
   1.3419771e+03   1.0438958e+03
   1.3725354e+03   1.0255608e+03
   1.3908704e+03   9.7055583e+02
   1.4275404e+03   9.2166249e+02
   1.4305963e+03   8.4832248e+02
   1.4214288e+03   7.8720580e+02
   1.3878146e+03   7.3525662e+02
   1.3694796e+03   7.0469828e+02
   1.3328096e+03   6.7108411e+02
   1.2900279e+03   6.4358160e+02
   1.2258554e+03   6.2524660e+02
   1.1769621e+03   6.2219077e+02
   1.0975104e+03   6.3746994e+02
   1.0455612e+03   6.5886077e+02
