   1.5108991e+03   8.8402899e+02
   1.4921905e+03   8.9993130e+02
   1.4716110e+03   9.0554388e+02
   1.4454189e+03   9.1770448e+02
   1.4285812e+03   9.5325083e+02
   1.4201623e+03   9.8599088e+02
   1.4435481e+03   1.0168601e+03
   1.4622567e+03   1.0393104e+03
   1.4931259e+03   1.0655025e+03
   1.5408328e+03   1.0748568e+03
   1.5698312e+03   1.0785985e+03
   1.6072484e+03   1.0467938e+03
   1.6390530e+03   9.9347432e+02
   1.6521490e+03   9.4483195e+02
   1.6334404e+03   9.0928560e+02
   1.6072484e+03   8.9712501e+02
   1.5717020e+03   8.8028727e+02
   1.5473808e+03   8.8028727e+02
