   1.2439317e+03   9.4151495e+02
   1.3234602e+03   9.3837566e+02
   1.3862458e+03   9.5407207e+02
   1.4458922e+03   9.8860417e+02
   1.4992599e+03   1.0273220e+03
   1.5379777e+03   1.0848755e+03
   1.5568134e+03   1.1445218e+03
   1.5337920e+03   1.2345145e+03
   1.4961207e+03   1.3150894e+03
   1.4427529e+03   1.3820608e+03
   1.3904315e+03   1.4301964e+03
   1.3098566e+03   1.4322893e+03
   1.2334674e+03   1.4312428e+03
   1.1413819e+03   1.4040357e+03
   1.0660391e+03   1.3569465e+03
   1.0042999e+03   1.2784645e+03
   9.9278920e+02   1.1832396e+03
   1.0168570e+03   1.1131290e+03
   1.0388320e+03   1.0660398e+03
   1.0869676e+03   1.0063934e+03
   1.1549854e+03   9.6662920e+02
