   1.1690308e+03   7.7505071e+02
   1.1156557e+03   8.1222265e+02
   1.0813431e+03   8.5892587e+02
   1.0603743e+03   8.9609781e+02
   1.0422649e+03   9.6472294e+02
   1.0546555e+03   1.0343012e+03
   1.0870619e+03   1.0933951e+03
   1.1347182e+03   1.1372389e+03
   1.1776089e+03   1.1725046e+03
   1.2462340e+03   1.1791765e+03
   1.3034216e+03   1.1715515e+03
   1.3710937e+03   1.1448639e+03
   1.4158906e+03   1.0953013e+03
   1.4397188e+03   1.0428793e+03
   1.4502032e+03   9.7425421e+02
   1.4292344e+03   8.9991032e+02
   1.3844374e+03   8.3033206e+02
   1.3386873e+03   7.9316012e+02
   1.3015154e+03   7.8267572e+02
   1.2481403e+03   7.7028507e+02
