   1.2744125e+03   8.8622608e+02
   1.2939183e+03   9.0139721e+02
   1.3329297e+03   9.3499043e+02
   1.3448499e+03   9.9025670e+02
   1.3491845e+03   1.0498576e+03
   1.3177586e+03   1.0812835e+03
   1.2885000e+03   1.1311315e+03
   1.2559904e+03   1.1549718e+03
   1.2245645e+03   1.1582228e+03
   1.1823021e+03   1.1398007e+03
   1.1519598e+03   1.1040402e+03
   1.1357050e+03   1.0704470e+03
   1.1292031e+03   1.0108461e+03
   1.1454579e+03   9.6424904e+02
   1.1844694e+03   9.1440104e+02
   1.2191463e+03   8.9272799e+02
