   1.5253271e+03   1.1936317e+03
   1.4947688e+03   1.2394692e+03
   1.4489313e+03   1.3036417e+03
   1.4030938e+03   1.3433676e+03
   1.3603121e+03   1.3647584e+03
   1.3083629e+03   1.3647584e+03
   1.2716929e+03   1.3525351e+03
   1.2075204e+03   1.3280884e+03
   1.1555712e+03   1.2944742e+03
   1.1311246e+03   1.2700276e+03
   1.1189012e+03   1.2211342e+03
   1.1158454e+03   1.1814084e+03
   1.1005662e+03   1.1264034e+03
   1.0975104e+03   1.0744542e+03
   1.1036220e+03   1.0255608e+03
   1.1280687e+03   1.0102817e+03
   1.1647387e+03   9.6750000e+02
   1.1983529e+03   9.0943916e+02
   1.2441904e+03   8.6360165e+02
   1.2869721e+03   8.4526664e+02
   1.3083629e+03   8.4526664e+02
   1.3633679e+03   8.5443414e+02
   1.4244846e+03   8.7276915e+02
   1.4642105e+03   8.9415999e+02
   1.5008805e+03   9.4305333e+02
   1.5192155e+03   1.0041700e+03
   1.5406063e+03   1.0744542e+03
   1.5406063e+03   1.1355709e+03
