   1.2014087e+03   7.9331747e+02
   1.1677946e+03   7.9026163e+02
   1.1280687e+03   8.1165247e+02
   1.1066779e+03   8.5443414e+02
   1.0913987e+03   9.0027165e+02
   1.0913987e+03   9.4610916e+02
   1.1097337e+03   9.9500251e+02
   1.1372362e+03   1.0194492e+03
   1.1769621e+03   1.0438958e+03
   1.2258554e+03   1.0530634e+03
   1.2503021e+03   1.0500075e+03
   1.2716929e+03   1.0347283e+03
   1.3175304e+03   9.8889084e+02
   1.3297538e+03   9.2777416e+02
   1.3297538e+03   8.9415999e+02
   1.3236421e+03   8.7888082e+02
   1.3144746e+03   8.6360165e+02
   1.2961396e+03   8.3915497e+02
   1.2625254e+03   8.1776414e+02
