   1.5161596e+03   1.0041700e+03
   1.5344946e+03   9.7055583e+02
   1.5406063e+03   9.2777416e+02
   1.5467180e+03   8.7888082e+02
   1.5467180e+03   8.5137831e+02
   1.5314388e+03   7.9637330e+02
   1.5008805e+03   7.4442412e+02
   1.4550429e+03   7.1080995e+02
   1.4122613e+03   6.8025161e+02
   1.3725354e+03   6.6497244e+02
   1.3328096e+03   6.5580494e+02
   1.2808604e+03   6.4969327e+02
   1.2503021e+03   6.6191661e+02
   1.2166879e+03   6.7413994e+02
   1.1861296e+03   6.9247495e+02
   1.1586271e+03   7.1386578e+02
   1.1402921e+03   7.3525662e+02
   1.1097337e+03   7.6275913e+02
   1.0883429e+03   7.9026163e+02
   1.0761195e+03   8.0859664e+02
   1.0700079e+03   8.2693164e+02
   1.0577845e+03   8.6054581e+02
   1.0516729e+03   8.8499248e+02
   1.0486170e+03   9.1249499e+02
   1.0455612e+03   9.3694166e+02
   1.0455612e+03   9.6750000e+02
   1.0577845e+03   9.8889084e+02
   1.0700079e+03   1.0225050e+03
   1.0883429e+03   1.0561192e+03
   1.1158454e+03   1.0927892e+03
   1.1402921e+03   1.1233475e+03
   1.1708504e+03   1.1508500e+03
   1.2136321e+03   1.1630734e+03
   1.2686371e+03   1.1722409e+03
   1.3083629e+03   1.1752967e+03
   1.3480888e+03   1.1691850e+03
   1.3908704e+03   1.1630734e+03
   1.4367079e+03   1.1355709e+03
   1.4580988e+03   1.1080684e+03
   1.4856013e+03   1.0622309e+03
