   1.6047788e+03   9.7055583e+02
   1.6353372e+03   9.1249499e+02
   1.6536722e+03   8.6360165e+02
   1.6567280e+03   8.2387581e+02
   1.6383930e+03   7.7803830e+02
   1.6078346e+03   7.3220079e+02
   1.5894996e+03   7.0164245e+02
   1.5497738e+03   6.6497244e+02
   1.5039363e+03   6.4052577e+02
   1.4214288e+03   6.3441410e+02
   1.3572563e+03   6.5580494e+02
   1.3114188e+03   6.7719578e+02
   1.2747487e+03   7.0469828e+02
   1.2411346e+03   7.3525662e+02
   1.2166879e+03   7.6581496e+02
   1.2075204e+03   7.8109413e+02
   1.1952971e+03   8.1470830e+02
   1.1922412e+03   8.4526664e+02
   1.1830737e+03   8.9110415e+02
   1.1922412e+03   9.2777416e+02
   1.2166879e+03   9.6750000e+02
   1.2380787e+03   9.9194667e+02
   1.2594696e+03   1.0225050e+03
   1.2900279e+03   1.0500075e+03
   1.3450329e+03   1.0652867e+03
   1.4183729e+03   1.0744542e+03
   1.4917130e+03   1.0591750e+03
   1.5528296e+03   1.0225050e+03
