   1.4856013e+03   9.6444417e+02
   1.4489313e+03   9.7055583e+02
   1.4275404e+03   9.6444417e+02
   1.4061496e+03   9.3999749e+02
   1.3847588e+03   9.1555082e+02
   1.3694796e+03   8.8804832e+02
   1.3542004e+03   8.5748998e+02
   1.3511446e+03   8.2693164e+02
   1.3542004e+03   8.1470830e+02
   1.3633679e+03   7.9331747e+02
   1.3908704e+03   7.6581496e+02
   1.4153171e+03   7.5053579e+02
   1.4367079e+03   7.4747996e+02
   1.4611546e+03   7.6581496e+02
   1.4856013e+03   7.8414996e+02
   1.5039363e+03   8.0859664e+02
   1.5161596e+03   8.4221081e+02
   1.5222713e+03   8.7276915e+02
   1.5222713e+03   9.0027165e+02
   1.5100480e+03   9.3388583e+02
