   1.4030938e+03   8.6665748e+02
   1.3817029e+03   8.2998747e+02
   1.3572563e+03   7.9942913e+02
   1.3266979e+03   7.6887079e+02
   1.2655812e+03   7.5359162e+02
   1.2197437e+03   7.4136829e+02
   1.1800179e+03   7.3831245e+02
   1.1464037e+03   7.3220079e+02
   1.1219571e+03   7.2303329e+02
   1.0883429e+03   7.3831245e+02
   1.0547287e+03   7.5970329e+02
   1.0150029e+03   7.9331747e+02
   9.9055619e+02   8.3304331e+02
   9.6916535e+02   8.6971331e+02
   9.6610952e+02   9.0943916e+02
   9.6916535e+02   9.4610916e+02
   9.7527702e+02   9.8889084e+02
   9.8444452e+02   1.0438958e+03
   9.9666786e+02   1.0775100e+03
   1.0119470e+03   1.1019567e+03
   1.0425054e+03   1.1386267e+03
   1.1036220e+03   1.1905759e+03
   1.1708504e+03   1.2180784e+03
   1.2197437e+03   1.2241901e+03
   1.2900279e+03   1.2119667e+03
   1.3236421e+03   1.1783525e+03
   1.3664238e+03   1.1264034e+03
   1.4030938e+03   1.0775100e+03
   1.4214288e+03   1.0255608e+03
   1.4244846e+03   9.8583500e+02
   1.4244846e+03   9.3999749e+02
