   1.6200580e+03   1.0897334e+03
   1.6658955e+03   1.0622309e+03
   1.7056213e+03   1.0011142e+03
   1.7270122e+03   9.5222083e+02
   1.7117330e+03   8.8804832e+02
   1.6842305e+03   8.0554080e+02
   1.6536722e+03   7.4747996e+02
   1.6231138e+03   7.1997745e+02
   1.5650530e+03   6.8941911e+02
   1.5222713e+03   6.7413994e+02
   1.4672663e+03   6.6497244e+02
   1.4092054e+03   6.8025161e+02
   1.3664238e+03   7.0775412e+02
   1.3205863e+03   7.5970329e+02
   1.2991954e+03   8.0859664e+02
   1.2961396e+03   8.5748998e+02
   1.3053071e+03   9.1249499e+02
   1.3389213e+03   9.6750000e+02
   1.3542004e+03   1.0377842e+03
   1.4061496e+03   1.0744542e+03
   1.4580988e+03   1.1111242e+03
   1.5283830e+03   1.1233475e+03
