   1.4379040e+03   7.1318344e+02
   1.3703619e+03   7.3786229e+02
   1.3054175e+03   7.6773669e+02
   1.2664509e+03   8.2099105e+02
   1.2235877e+03   8.7749263e+02
   1.2015066e+03   9.4048864e+02
   1.1989088e+03   1.0138757e+03
   1.2190416e+03   1.0918090e+03
   1.2690487e+03   1.1424655e+03
   1.3404875e+03   1.1840299e+03
   1.4080296e+03   1.2074099e+03
   1.4931067e+03   1.2275426e+03
   1.5742871e+03   1.2268932e+03
   1.6483237e+03   1.1807827e+03
   1.6833936e+03   1.1151889e+03
   1.7054747e+03   1.0405029e+03
   1.7165152e+03   9.7231137e+02
   1.7106702e+03   9.0282092e+02
   1.6730025e+03   8.3268103e+02
   1.5606488e+03   7.4435673e+02
   1.5145383e+03   7.2097677e+02
