   1.5742205e+03   9.2777416e+02
   1.5803321e+03   8.8804832e+02
   1.5650530e+03   8.4221081e+02
   1.5467180e+03   7.9942913e+02
   1.5192155e+03   7.6581496e+02
   1.4856013e+03   7.2608912e+02
   1.4611546e+03   7.0164245e+02
   1.4153171e+03   6.8025161e+02
   1.3694796e+03   6.7108411e+02
   1.3083629e+03   6.6802827e+02
   1.2594696e+03   6.8025161e+02
   1.2166879e+03   7.0775412e+02
   1.1769621e+03   7.4136829e+02
   1.1402921e+03   7.7803830e+02
   1.1189012e+03   8.1470830e+02
   1.1005662e+03   8.6054581e+02
   1.1005662e+03   9.2471832e+02
   1.1127895e+03   9.6750000e+02
   1.1341804e+03   1.0194492e+03
   1.1616829e+03   1.0561192e+03
   1.2044646e+03   1.0836217e+03
   1.2594696e+03   1.1141800e+03
   1.3114188e+03   1.1294592e+03
   1.3755913e+03   1.1233475e+03
   1.4397638e+03   1.1080684e+03
   1.4886571e+03   1.0713984e+03
   1.5222713e+03   1.0347283e+03
   1.5467180e+03   9.8277917e+02
