   1.2839162e+03   9.7972334e+02
   1.3236421e+03   9.8889084e+02
   1.3725354e+03   9.9194667e+02
   1.4214288e+03   9.6750000e+02
   1.4519871e+03   9.2166249e+02
   1.4611546e+03   8.8804832e+02
   1.4733780e+03   8.0248497e+02
   1.4794896e+03   7.5664746e+02
   1.4519871e+03   6.9858661e+02
   1.4092054e+03   6.8025161e+02
   1.3511446e+03   6.6497244e+02
   1.3022513e+03   6.5886077e+02
   1.2197437e+03   7.2608912e+02
   1.2044646e+03   7.7803830e+02
   1.1922412e+03   8.4526664e+02
   1.2136321e+03   9.1249499e+02
   1.2350229e+03   9.5527666e+02
