   1.2500822e+03   6.7113427e+02
   1.2895977e+03   6.7552487e+02
   1.3774097e+03   7.2601681e+02
   1.4410735e+03   7.6553224e+02
   1.4630265e+03   8.8407854e+02
   1.3927768e+03   1.0333591e+03
   1.2895977e+03   1.1277570e+03
   1.1556842e+03   1.1606866e+03
   1.0261614e+03   1.1409288e+03
   9.6469300e+02   1.0948275e+03
   9.4054468e+02   1.0333591e+03
   9.0981046e+02   9.1920336e+02
   9.4493528e+02   8.2041479e+02
   9.9103662e+02   7.4138392e+02
   1.0766534e+03   6.9089199e+02
   1.1556842e+03   6.5576716e+02
