   1.5711646e+03   1.4839359e+03
   1.5314388e+03   1.4961593e+03
   1.5039363e+03   1.4992151e+03
   1.4580988e+03   1.4931034e+03
   1.4244846e+03   1.4900476e+03
   1.3786471e+03   1.4686568e+03
   1.3328096e+03   1.4350426e+03
   1.2900279e+03   1.3739259e+03
   1.2441904e+03   1.3097534e+03
   1.2350229e+03   1.2791951e+03
   1.2258554e+03   1.2455809e+03
   1.2289112e+03   1.2303017e+03
   1.2319671e+03   1.1814084e+03
   1.2350229e+03   1.1386267e+03
   1.2503021e+03   1.0989009e+03
   1.2839162e+03   1.0713984e+03
   1.3083629e+03   1.0530634e+03
   1.3328096e+03   1.0408400e+03
   1.3603121e+03   1.0194492e+03
   1.3939263e+03   1.0072258e+03
   1.4244846e+03   1.0011142e+03
   1.4672663e+03   9.8583500e+02
   1.5314388e+03   1.0041700e+03
   1.5772763e+03   1.0347283e+03
   1.6261696e+03   1.0805659e+03
   1.6628397e+03   1.1355709e+03
   1.6933980e+03   1.1997434e+03
   1.6964538e+03   1.2669717e+03
   1.6933980e+03   1.3311442e+03
   1.6689513e+03   1.4044843e+03
   1.6231138e+03   1.4564334e+03
