   1.2084401e+03   7.2927135e+02
   1.2355447e+03   7.2673029e+02
   1.3193998e+03   7.5976409e+02
   1.3922436e+03   8.3006680e+02
   1.4176542e+03   9.3594437e+02
   1.4269714e+03   1.0265756e+03
   1.3786912e+03   1.1214419e+03
   1.2999183e+03   1.2027558e+03
   1.2152163e+03   1.2281665e+03
   1.1330553e+03   1.2103790e+03
   1.0466592e+03   1.1392293e+03
   9.8567368e+02   1.0426690e+03
   9.6958029e+02   9.2069800e+02
   9.8652070e+02   8.4616019e+02
   1.0195545e+03   8.0465618e+02
   1.0652936e+03   7.5298792e+02
   1.1355963e+03   7.2588326e+02
