   1.5346591e+03   8.6178750e+02
   1.5104962e+03   8.2554322e+02
   1.4802927e+03   7.9836000e+02
   1.4500891e+03   7.6513607e+02
   1.4289466e+03   7.4399357e+02
   1.3987430e+03   7.3493250e+02
   1.3655191e+03   7.2889179e+02
   1.3202137e+03   7.3191215e+02
   1.2658473e+03   7.4701393e+02
   1.2175216e+03   7.7117679e+02
   1.1722163e+03   8.0440072e+02
   1.1450330e+03   8.4064500e+02
   1.1269109e+03   8.7990964e+02
   1.1208702e+03   9.2219464e+02
   1.1208702e+03   9.7656107e+02
   1.1420127e+03   1.0218664e+03
   1.1661755e+03   1.0671718e+03
   1.1873180e+03   1.1034161e+03
   1.2084605e+03   1.1275789e+03
   1.2386641e+03   1.1487214e+03
   1.3020916e+03   1.1698639e+03
   1.3685395e+03   1.1698639e+03
   1.4229059e+03   1.1547621e+03
   1.4651909e+03   1.1245586e+03
   1.5044555e+03   1.0762329e+03
   1.5316387e+03   1.0309275e+03
   1.5497609e+03   9.7354071e+02
   1.5558016e+03   9.2219464e+02
