   1.1966266e+03   6.4735183e+02
   1.2422889e+03   6.3213108e+02
   1.3098310e+03   6.3498497e+02
   1.3707140e+03   6.4830313e+02
   1.4449152e+03   7.1204006e+02
   1.4782107e+03   7.7577698e+02
   1.4791620e+03   8.8707878e+02
   1.4334997e+03   9.6318257e+02
   1.3640550e+03   1.0335786e+03
   1.2460941e+03   1.0459454e+03
   1.1766494e+03   1.0012345e+03
   1.1062534e+03   9.3559495e+02
   1.0701041e+03   8.5378337e+02
   1.0710554e+03   7.7577698e+02
   1.0929352e+03   7.2345563e+02
   1.1357436e+03   6.7113427e+02
