   1.3480888e+03   9.3388583e+02
   1.2961396e+03   9.3082999e+02
   1.2655812e+03   9.4610916e+02
   1.2441904e+03   9.7055583e+02
   1.2289112e+03   1.0011142e+03
   1.2289112e+03   1.0438958e+03
   1.2258554e+03   1.0683425e+03
   1.2503021e+03   1.1111242e+03
   1.2869721e+03   1.1508500e+03
   1.3266979e+03   1.1875200e+03
   1.3511446e+03   1.2150225e+03
   1.3725354e+03   1.2333576e+03
   1.4183729e+03   1.2394692e+03
   1.4458754e+03   1.2241901e+03
   1.4672663e+03   1.1936317e+03
   1.4886571e+03   1.1416825e+03
   1.5008805e+03   1.0989009e+03
   1.4917130e+03   1.0438958e+03
   1.4611546e+03   9.9194667e+02
   1.4092054e+03   9.4610916e+02
