   1.3608791e+03   6.7826168e+02
   1.3037427e+03   7.1040090e+02
   1.2430353e+03   7.8628516e+02
   1.2180381e+03   8.5592013e+02
   1.2242874e+03   9.0680723e+02
   1.2421425e+03   9.7912046e+02
   1.2760673e+03   1.0291148e+03
   1.3207051e+03   1.0558975e+03
   1.3831980e+03   1.0541120e+03
   1.4224793e+03   1.0550047e+03
   1.4635460e+03   1.0478627e+03
   1.5019345e+03   1.0094742e+03
   1.5188969e+03   9.6840739e+02
   1.5180042e+03   9.4787400e+02
   1.5322883e+03   8.9163037e+02
   1.5117549e+03   8.1038957e+02
   1.4938997e+03   7.4343287e+02
   1.4572967e+03   7.1129366e+02
   1.4287286e+03   6.8272546e+02
