   1.2625254e+03   1.0775100e+03
   1.2808604e+03   1.0683425e+03
   1.3022513e+03   1.0469517e+03
   1.3205863e+03   1.0316725e+03
   1.3328096e+03   9.9805834e+02
   1.3297538e+03   9.6750000e+02
   1.3175304e+03   9.3999749e+02
   1.2991954e+03   9.2166249e+02
   1.2808604e+03   9.1555082e+02
   1.2503021e+03   9.0638332e+02
   1.2197437e+03   9.2166249e+02
   1.1861296e+03   9.4916500e+02
   1.1677946e+03   9.8889084e+02
   1.1769621e+03   1.0102817e+03
   1.1891854e+03   1.0286167e+03
   1.2136321e+03   1.0438958e+03
   1.2258554e+03   1.0622309e+03
