   1.2754962e+03   6.5107353e+02
   1.2993365e+03   6.6407736e+02
   1.3275115e+03   6.7924849e+02
   1.3491845e+03   7.1392537e+02
   1.3600211e+03   7.3993302e+02
   1.3686903e+03   7.6594068e+02
   1.3751922e+03   7.9845024e+02
   1.3816941e+03   8.1145407e+02
   1.3881960e+03   8.4613094e+02
   1.3838614e+03   8.8514243e+02
   1.3708576e+03   9.2848852e+02
   1.3513518e+03   9.5883078e+02
   1.3210096e+03   9.8917305e+02
   1.2819981e+03   9.8267113e+02
   1.2494885e+03   9.7400191e+02
   1.2213136e+03   9.3932504e+02
   1.1953059e+03   9.0681547e+02
   1.1736329e+03   8.4829825e+02
   1.1606290e+03   7.9194833e+02
   1.1627963e+03   7.3343111e+02
   1.1953059e+03   6.7274658e+02
   1.2429866e+03   6.5540814e+02
