   1.2321501e+03   5.8388709e+02
   1.3253442e+03   5.9689092e+02
   1.3795268e+03   6.2723318e+02
   1.4337094e+03   6.5757545e+02
   1.4857247e+03   7.0525615e+02
   1.4965612e+03   8.0711946e+02
   1.5008958e+03   8.8514243e+02
   1.4727209e+03   9.3282313e+02
   1.4532151e+03   9.7616922e+02
   1.4142037e+03   1.0260172e+03
   1.3751922e+03   1.0758652e+03
   1.3210096e+03   1.1040402e+03
   1.2754962e+03   1.1170440e+03
   1.1779675e+03   1.1083748e+03
   1.1086137e+03   1.0606941e+03
   1.0500965e+03   1.0130134e+03
   1.0175869e+03   9.4582695e+02
   9.9808119e+02   8.5263286e+02
   1.0024158e+03   7.8327911e+02
   1.0327581e+03   7.0959076e+02
   1.0674349e+03   6.4240432e+02
   1.1324541e+03   5.9689092e+02
