   1.2991954e+03   6.0996743e+02
   1.3266979e+03   6.2830243e+02
   1.3603121e+03   6.5580494e+02
   1.3908704e+03   7.0164245e+02
   1.4092054e+03   7.6887079e+02
   1.3969821e+03   8.1776414e+02
   1.3847588e+03   8.5748998e+02
   1.3358654e+03   9.0943916e+02
   1.2930838e+03   9.2777416e+02
   1.2564137e+03   9.2166249e+02
   1.2166879e+03   8.9721582e+02
   1.1861296e+03   8.6360165e+02
   1.1647387e+03   8.4526664e+02
   1.1402921e+03   8.0248497e+02
   1.1219571e+03   7.5664746e+02
   1.1525154e+03   6.8636328e+02
   1.1861296e+03   6.4052577e+02
   1.2227996e+03   6.0079993e+02
   1.2594696e+03   5.9163243e+02
