   1.2350229e+03   8.8499248e+02
   1.1983529e+03   9.0332749e+02
   1.1647387e+03   9.2471832e+02
   1.1494596e+03   9.5527666e+02
   1.1372362e+03   9.9194667e+02
   1.1372362e+03   1.0377842e+03
   1.1464037e+03   1.0805659e+03
   1.1739062e+03   1.1080684e+03
   1.1952971e+03   1.1386267e+03
   1.2227996e+03   1.1539059e+03
   1.2686371e+03   1.1477942e+03
   1.3389213e+03   1.1019567e+03
   1.3694796e+03   1.0347283e+03
   1.3847588e+03   9.6138833e+02
   1.3725354e+03   9.2777416e+02
   1.3358654e+03   8.9721582e+02
   1.3053071e+03   8.7888082e+02
