   1.3664238e+03   1.0500075e+03
   1.4030938e+03   1.0041700e+03
   1.4336521e+03   9.5222083e+02
   1.4519871e+03   8.5748998e+02
   1.4275404e+03   7.8414996e+02
   1.3480888e+03   7.1080995e+02
   1.2655812e+03   6.8330744e+02
   1.1830737e+03   6.6191661e+02
   1.1372362e+03   6.6802827e+02
   1.0944545e+03   6.8330744e+02
   1.0241704e+03   7.2303329e+02
   9.8750036e+02   7.7498246e+02
   9.6305369e+02   8.2081997e+02
   9.4471868e+02   8.6971331e+02
   9.3249535e+02   9.3082999e+02
   9.3249535e+02   9.7666750e+02
   9.4166285e+02   1.0225050e+03
   9.5694202e+02   1.0805659e+03
   9.9666786e+02   1.1172359e+03
   1.0486170e+03   1.1477942e+03
   1.0883429e+03   1.1569617e+03
   1.1341804e+03   1.1600175e+03
   1.1739062e+03   1.1569617e+03
   1.2197437e+03   1.1294592e+03
   1.2594696e+03   1.1294592e+03
   1.3022513e+03   1.1050125e+03
