   1.1647387e+03   6.2830243e+02
   1.1402921e+03   6.6497244e+02
   1.1219571e+03   6.9247495e+02
   1.1097337e+03   7.2303329e+02
   1.1036220e+03   7.4442412e+02
   1.0975104e+03   7.7192663e+02
   1.0883429e+03   8.1165247e+02
   1.0913987e+03   8.4221081e+02
   1.1005662e+03   8.7276915e+02
   1.1127895e+03   8.9721582e+02
   1.1250129e+03   9.2166249e+02
   1.1494596e+03   9.5833250e+02
   1.1708504e+03   9.7972334e+02
   1.2075204e+03   1.0072258e+03
   1.2380787e+03   1.0255608e+03
   1.2778046e+03   1.0316725e+03
   1.3266979e+03   1.0377842e+03
   1.3603121e+03   1.0377842e+03
   1.3878146e+03   1.0347283e+03
   1.4214288e+03   1.0194492e+03
   1.4489313e+03   9.9194667e+02
   1.4825455e+03   9.7055583e+02
   1.5039363e+03   9.4916500e+02
   1.5192155e+03   9.3082999e+02
   1.5406063e+03   9.0943916e+02
   1.5558855e+03   8.7276915e+02
   1.5619971e+03   8.2387581e+02
   1.5558855e+03   7.9026163e+02
   1.5528296e+03   7.5053579e+02
   1.5375505e+03   7.1080995e+02
   1.5192155e+03   6.7719578e+02
   1.4917130e+03   6.5886077e+02
   1.4764338e+03   6.4052577e+02
   1.4489313e+03   6.1913493e+02
   1.4153171e+03   5.9774409e+02
   1.3878146e+03   5.8552076e+02
   1.3633679e+03   5.7940909e+02
   1.3328096e+03   5.7940909e+02
   1.3114188e+03   5.7940909e+02
   1.2686371e+03   5.8246492e+02
   1.2411346e+03   6.0079993e+02
   1.2136321e+03   6.1913493e+02
