   1.3467658e+03   8.8799239e+02
   1.3851412e+03   8.9758624e+02
   1.4110446e+03   9.2157085e+02
   1.4187197e+03   9.5131177e+02
   1.4215978e+03   9.7433700e+02
   1.4235166e+03   9.9640284e+02
   1.4225572e+03   1.0328595e+03
   1.4052883e+03   1.0549253e+03
   1.3630754e+03   1.0837068e+03
   1.3333344e+03   1.1057727e+03
   1.2911215e+03   1.1038539e+03
   1.2575431e+03   1.0885038e+03
   1.2287615e+03   1.0299813e+03
   1.2182083e+03   1.0088748e+03
   1.2162895e+03   9.7529638e+02
   1.2153302e+03   9.3020531e+02
   1.2498680e+03   8.8031732e+02
   1.2959185e+03   8.7552040e+02
