   1.2930305e+03   8.1648215e+02
   1.2990712e+03   8.1346179e+02
   1.3353155e+03   8.1044143e+02
   1.3564580e+03   8.1044143e+02
   1.3776005e+03   8.1346179e+02
   1.4047837e+03   8.2252286e+02
   1.4229059e+03   8.3762464e+02
   1.4380077e+03   8.6178750e+02
   1.4440484e+03   8.9199107e+02
   1.4410280e+03   9.2521500e+02
   1.4289466e+03   9.5541857e+02
   1.4168652e+03   9.8260179e+02
   1.3987430e+03   1.0128054e+03
   1.3715598e+03   1.0339479e+03
   1.3383359e+03   1.0490496e+03
   1.2960509e+03   1.0460293e+03
   1.2628270e+03   1.0248868e+03
   1.2447048e+03   9.9468321e+02
   1.2386641e+03   9.7052036e+02
   1.2326234e+03   9.5239821e+02
   1.2326234e+03   9.3427607e+02
   1.2326234e+03   9.1615393e+02
   1.2356438e+03   9.0105214e+02
   1.2416845e+03   8.7990964e+02
   1.2507455e+03   8.6480786e+02
   1.2688677e+03   8.3460429e+02
