   1.1995903e+03   6.4918125e+02
   1.2676446e+03   6.6454836e+02
   1.3115507e+03   6.8869668e+02
   1.3598473e+03   7.3040742e+02
   1.3949721e+03   7.8968056e+02
   1.4169251e+03   8.9505504e+02
   1.3883862e+03   9.8286711e+02
   1.3400896e+03   1.0882416e+03
   1.2830117e+03   1.1321476e+03
   1.1864185e+03   1.1980067e+03
   1.1073876e+03   1.1892255e+03
   1.0371380e+03   1.1606866e+03
   9.5591179e+02   1.0948275e+03
   9.0981046e+02   1.0070154e+03
   9.0541985e+02   9.2798457e+02
   9.1200576e+02   8.4675841e+02
   9.4273998e+02   7.8968056e+02
   9.7566951e+02   7.3040742e+02
   1.0437239e+03   6.6454836e+02
   1.1249500e+03   6.5357186e+02
