   1.4118714e+03   7.2254092e+02
   1.3466984e+03   7.0195996e+02
   1.2472238e+03   7.1225044e+02
   1.1843375e+03   7.4998219e+02
   1.1305984e+03   8.5060018e+02
   1.1145909e+03   9.3864093e+02
   1.1168777e+03   1.0335420e+03
   1.1992015e+03   1.1501674e+03
   1.2575142e+03   1.1730351e+03
   1.3661359e+03   1.1821822e+03
   1.4667539e+03   1.1295864e+03
   1.5239232e+03   1.0358288e+03
   1.5365005e+03   9.4207109e+02
   1.5365005e+03   8.6775098e+02
   1.5124894e+03   8.1858537e+02
   1.4861915e+03   7.6941976e+02
