   1.8045752e+03   8.5384923e+02
   1.8384926e+03   8.5611039e+02
   1.8580893e+03   8.6289387e+02
   1.8935142e+03   8.8324432e+02
   1.9108497e+03   9.1414685e+02
   1.9100960e+03   9.3826590e+02
   1.9018051e+03   9.7972051e+02
   1.8867307e+03   1.0377570e+03
   1.8724100e+03   1.0701669e+03
   1.8603505e+03   1.0890099e+03
   1.8422612e+03   1.1101141e+03
   1.7962843e+03   1.1259422e+03
   1.7706578e+03   1.1146364e+03
   1.7450313e+03   1.1048381e+03
   1.7216660e+03   1.0761967e+03
   1.6998081e+03   1.0332347e+03
   1.6900097e+03   9.9931724e+02
   1.6967932e+03   9.6087751e+02
   1.7148825e+03   9.2846754e+02
   1.7299569e+03   8.9831873e+02
   1.7585982e+03   8.6063271e+02
