   1.3603121e+03   8.8193665e+02
   1.3175304e+03   8.6971331e+02
   1.2930838e+03   8.8193665e+02
   1.2686371e+03   8.9415999e+02
   1.2441904e+03   9.0638332e+02
   1.2044646e+03   9.2166249e+02
   1.1830737e+03   9.4305333e+02
   1.1677946e+03   9.7055583e+02
   1.1616829e+03   1.0163933e+03
   1.1616829e+03   1.0438958e+03
   1.1677946e+03   1.0683425e+03
   1.1800179e+03   1.0958450e+03
   1.2075204e+03   1.1294592e+03
   1.2227996e+03   1.1447384e+03
   1.2716929e+03   1.1600175e+03
   1.3083629e+03   1.1569617e+03
   1.3419771e+03   1.1477942e+03
   1.3694796e+03   1.1386267e+03
   1.4061496e+03   1.1141800e+03
   1.4275404e+03   1.0805659e+03
   1.4367079e+03   1.0561192e+03
   1.4428196e+03   1.0133375e+03
   1.4275404e+03   9.6138833e+02
   1.4000379e+03   9.1555082e+02
