   1.2689943e+03   7.7135894e+02
   1.2039751e+03   7.7786085e+02
   1.1443742e+03   8.0170120e+02
   1.0912753e+03   8.4287999e+02
   1.0544311e+03   9.1548469e+02
   1.0273398e+03   9.8917305e+02
   1.0175869e+03   1.0466066e+03
   1.0349254e+03   1.1365498e+03
   1.0739368e+03   1.2048198e+03
   1.1259522e+03   1.2438313e+03
   1.1898876e+03   1.2871774e+03
   1.2668270e+03   1.2947630e+03
   1.3285951e+03   1.2730899e+03
   1.3719412e+03   1.2590025e+03
   1.4055344e+03   1.2449150e+03
   1.4748882e+03   1.1831468e+03
   1.5052305e+03   1.0877854e+03
   1.5073978e+03   9.8375478e+02
   1.4824738e+03   9.1006643e+02
   1.4445459e+03   8.6888764e+02
   1.3990325e+03   8.3529442e+02
   1.3491845e+03   7.9845024e+02
