   1.3233833e+03   6.2023254e+02
   1.3867690e+03   6.1398325e+02
   1.4662243e+03   6.2112530e+02
   1.5438941e+03   6.7736893e+02
   1.6072798e+03   7.2736326e+02
   1.6313842e+03   8.1931713e+02
   1.6367407e+03   9.0234345e+02
   1.6179928e+03   9.7019290e+02
   1.5742478e+03   1.0541120e+03
   1.5019345e+03   1.0978570e+03
   1.4189082e+03   1.1183904e+03
   1.3242761e+03   1.1228542e+03
   1.2162526e+03   1.0675033e+03
   1.1930410e+03   1.0157235e+03
   1.1894699e+03   9.7465668e+02
   1.1653655e+03   9.1394927e+02
   1.1662583e+03   8.1306784e+02
   1.1912555e+03   7.4254012e+02
   1.2296440e+03   6.9611680e+02
