   6.7313750e+02   6.6711147e+02
   7.4098628e+02   6.5938186e+02
   7.8736393e+02   6.4735803e+02
   8.5005963e+02   6.6195840e+02
   9.3422647e+02   7.1692449e+02
   9.7974527e+02   7.6845521e+02
   1.0055106e+03   8.2771554e+02
   9.9863987e+02   9.1961198e+02
   9.6170952e+02   1.0106496e+03
   9.2134379e+02   1.0716276e+03
   8.7496614e+02   1.1094168e+03
   8.0625852e+02   1.1283114e+03
   7.4785704e+02   1.1171464e+03
   6.9289094e+02   1.0690511e+03
   6.3105408e+02   1.0200969e+03
   5.9154720e+02   9.8574307e+02
   5.7007607e+02   9.3507120e+02
   5.5633454e+02   8.6464588e+02
   5.6664069e+02   7.7360828e+02
   6.0528872e+02   7.0919489e+02
