   1.1800179e+03   7.7192663e+02
   1.1555712e+03   7.8109413e+02
   1.1372362e+03   7.9942913e+02
   1.1280687e+03   8.4221081e+02
   1.1158454e+03   8.7276915e+02
   1.1066779e+03   9.0638332e+02
   1.1066779e+03   9.5222083e+02
   1.1189012e+03   9.8277917e+02
   1.1311246e+03   1.0163933e+03
   1.1494596e+03   1.0500075e+03
   1.1739062e+03   1.0836217e+03
   1.1861296e+03   1.1111242e+03
   1.2075204e+03   1.1141800e+03
   1.2258554e+03   1.1080684e+03
   1.2472462e+03   1.0775100e+03
   1.2625254e+03   1.0622309e+03
   1.2778046e+03   1.0408400e+03
   1.3083629e+03   1.0011142e+03
   1.3297538e+03   9.4916500e+02
   1.2991954e+03   8.7276915e+02
   1.2930838e+03   8.4221081e+02
   1.2625254e+03   8.0554080e+02
   1.2227996e+03   7.8414996e+02
