   1.2389136e+03   7.2955125e+02
   1.2055889e+03   7.2424959e+02
   1.1343953e+03   7.5151524e+02
   1.0775919e+03   7.9241371e+02
   1.0525984e+03   8.1134819e+02
   1.0306344e+03   8.4391549e+02
   1.0071556e+03   8.8329920e+02
   9.9806707e+02   9.2192554e+02
   9.9428018e+02   9.9008965e+02
   1.0132147e+03   1.0711292e+03
   1.0563853e+03   1.1173293e+03
   1.1033428e+03   1.1453524e+03
   1.1578741e+03   1.1642868e+03
   1.2305825e+03   1.1794344e+03
   1.3237401e+03   1.1589852e+03
   1.4115961e+03   1.1074834e+03
   1.4441634e+03   1.0438636e+03
   1.4683995e+03   1.0029651e+03
   1.4835471e+03   9.4767643e+02
   1.4653700e+03   8.7269590e+02
   1.4426486e+03   8.0756129e+02
   1.3684254e+03   7.4394145e+02
   1.3108646e+03   7.3333814e+02
