   8.9582534e+02   9.8583500e+02
   9.3249535e+02   9.5527666e+02
   9.5388618e+02   8.9415999e+02
   9.6916535e+02   8.4221081e+02
   9.7222119e+02   7.6581496e+02
   9.5083035e+02   7.1080995e+02
   9.1721618e+02   6.4969327e+02
   8.7137867e+02   5.9774409e+02
   8.1942949e+02   5.4885075e+02
   7.7053615e+02   5.3051575e+02
   7.3997781e+02   5.3051575e+02
   6.9414030e+02   5.3968325e+02
   6.5441446e+02   5.5496242e+02
   6.1468862e+02   5.7940909e+02
   5.8107444e+02   6.1913493e+02
   5.4746027e+02   6.5886077e+02
   5.3218110e+02   7.1080995e+02
   5.3523694e+02   7.5359162e+02
   5.4440444e+02   8.0859664e+02
   5.7801861e+02   8.6665748e+02
   6.1468862e+02   9.1860666e+02
   7.0941947e+02   9.8583500e+02
   7.6136865e+02   1.0011142e+03
   8.2554116e+02   1.0041700e+03
