   1.1389560e+03   8.1362138e+02
   1.2191463e+03   8.1795599e+02
   1.2906673e+03   8.3746173e+02
   1.3361807e+03   8.7213860e+02
   1.3730249e+03   9.3499043e+02
   1.4077018e+03   1.0303518e+03
   1.3860287e+03   1.1365498e+03
   1.3686903e+03   1.2232419e+03
   1.2711616e+03   1.2709226e+03
   1.1758002e+03   1.2860938e+03
   1.0891080e+03   1.2709226e+03
   1.0262561e+03   1.2254092e+03
   9.6773893e+02   1.1603901e+03
   9.4606588e+02   1.0455230e+03
   9.7207353e+02   9.4799426e+02
   1.0262561e+03   8.8297512e+02
   1.0674349e+03   8.5696747e+02
