   1.4532151e+03   6.9441963e+02
   1.4011998e+03   7.1609267e+02
   1.3838614e+03   7.4210033e+02
   1.3665230e+03   7.7894450e+02
   1.3426826e+03   8.1795599e+02
   1.3426826e+03   8.5696747e+02
   1.3665230e+03   8.9381164e+02
   1.3881960e+03   9.4365965e+02
   1.4337094e+03   9.6099809e+02
   1.4683863e+03   9.5449617e+02
   1.5073978e+03   9.3065582e+02
   1.5507439e+03   8.8297512e+02
   1.5572458e+03   8.4829825e+02
   1.5485765e+03   7.8111181e+02
   1.5420746e+03   7.4643493e+02
   1.5117324e+03   7.1175806e+02
