   1.3419771e+03   1.1997434e+03
   1.3755913e+03   1.1814084e+03
   1.4122613e+03   1.1569617e+03
   1.4458754e+03   1.1233475e+03
   1.4672663e+03   1.0683425e+03
   1.4825455e+03   1.0225050e+03
   1.4856013e+03   9.8277917e+02
   1.4764338e+03   9.5527666e+02
   1.4672663e+03   9.2471832e+02
   1.4611546e+03   8.9415999e+02
   1.4428196e+03   8.6665748e+02
   1.4214288e+03   8.4221081e+02
   1.3908704e+03   8.1165247e+02
   1.3664238e+03   7.9331747e+02
   1.3297538e+03   7.7803830e+02
   1.2961396e+03   7.6887079e+02
   1.2686371e+03   7.6887079e+02
   1.2319671e+03   7.6581496e+02
   1.1861296e+03   7.7803830e+02
   1.1555712e+03   7.9942913e+02
   1.1311246e+03   8.1165247e+02
   1.0975104e+03   8.4526664e+02
   1.0791754e+03   8.7888082e+02
   1.0730637e+03   8.9110415e+02
   1.0700079e+03   9.3082999e+02
   1.0761195e+03   9.8277917e+02
   1.0883429e+03   1.0316725e+03
   1.1066779e+03   1.0713984e+03
   1.1311246e+03   1.1111242e+03
   1.1586271e+03   1.1447384e+03
   1.1952971e+03   1.1752967e+03
   1.2227996e+03   1.1966875e+03
   1.2778046e+03   1.2058550e+03
