   1.4158229e+03   8.5021601e+02
   1.4560884e+03   8.6060710e+02
   1.4827156e+03   8.7229708e+02
   1.5021989e+03   8.8788372e+02
   1.5203833e+03   9.0217148e+02
   1.5509072e+03   9.3464365e+02
   1.5574016e+03   9.6581694e+02
   1.5457116e+03   9.9244412e+02
   1.5255789e+03   1.0171230e+03
   1.4976528e+03   1.0431007e+03
   1.4508929e+03   1.0625840e+03
   1.4294612e+03   1.0716762e+03
   1.4067307e+03   1.0729751e+03
   1.3612697e+03   1.0872629e+03
   1.3281481e+03   1.0846651e+03
   1.3086648e+03   1.0677796e+03
   1.2891815e+03   1.0476468e+03
   1.2787904e+03   1.0210196e+03
   1.2735948e+03   9.8270246e+02
   1.2800893e+03   9.4763252e+02
   1.2891815e+03   9.1710868e+02
   1.3164581e+03   8.9048150e+02
   1.3333436e+03   8.7489486e+02
   1.3697124e+03   8.5735988e+02
