   1.2961396e+03   1.2853067e+03
   1.2411346e+03   1.2914184e+03
   1.2075204e+03   1.2791951e+03
   1.1800179e+03   1.2547484e+03
   1.1433479e+03   1.2211342e+03
   1.1280687e+03   1.1875200e+03
   1.1127895e+03   1.1508500e+03
   1.0944545e+03   1.1019567e+03
   1.0822312e+03   1.0408400e+03
   1.0883429e+03   9.7666750e+02
   1.0944545e+03   9.1249499e+02
   1.1464037e+03   8.6971331e+02
   1.1830737e+03   8.3609914e+02
   1.2258554e+03   8.0554080e+02
   1.2564137e+03   7.9637330e+02
   1.3144746e+03   7.9942913e+02
   1.3755913e+03   8.1776414e+02
   1.4305963e+03   8.5443414e+02
   1.4764338e+03   9.2471832e+02
   1.4978246e+03   9.9500251e+02
   1.5039363e+03   1.0408400e+03
   1.4794896e+03   1.0958450e+03
   1.4550429e+03   1.1600175e+03
   1.4428196e+03   1.1936317e+03
   1.4214288e+03   1.2211342e+03
   1.3878146e+03   1.2578042e+03
   1.3511446e+03   1.2700276e+03
