   1.3383359e+03   1.2423525e+03
   1.3715598e+03   1.2091286e+03
   1.4017634e+03   1.1638232e+03
   1.4289466e+03   1.0913346e+03
   1.4319670e+03   1.0097850e+03
   1.4349873e+03   9.5239821e+02
   1.4229059e+03   9.0105214e+02
   1.4017634e+03   8.5574679e+02
   1.3836412e+03   8.1950250e+02
   1.3534377e+03   7.7721750e+02
   1.3051120e+03   7.4399357e+02
   1.2628270e+03   7.1681036e+02
   1.1963791e+03   7.1681036e+02
   1.1540941e+03   7.2285108e+02
   1.1087888e+03   7.4399357e+02
   1.0755648e+03   7.6211572e+02
   1.0544223e+03   7.8929893e+02
   1.0302595e+03   8.0742107e+02
   1.0091170e+03   8.3460429e+02
   9.9099483e+02   8.9803179e+02
   9.8193375e+02   9.3427607e+02
   9.7589304e+02   9.9770357e+02
   9.7589304e+02   1.0460293e+03
   9.8797447e+02   1.0973754e+03
   1.0151577e+03   1.1487214e+03
   1.0544223e+03   1.2000675e+03
   1.0725445e+03   1.2181896e+03
   1.1148295e+03   1.2453729e+03
   1.1420127e+03   1.2604746e+03
   1.1812773e+03   1.2725561e+03
   1.2356438e+03   1.2725561e+03
   1.2809491e+03   1.2695357e+03
