   1.3817029e+03   1.1416825e+03
   1.4397638e+03   1.1233475e+03
   1.4947688e+03   1.0530634e+03
   1.5222713e+03   9.9805834e+02
   1.5192155e+03   9.2777416e+02
   1.4978246e+03   8.6665748e+02
   1.4397638e+03   8.2387581e+02
   1.3969821e+03   7.9026163e+02
   1.3480888e+03   7.7192663e+02
   1.2900279e+03   7.6581496e+02
   1.2380787e+03   7.7192663e+02
   1.1769621e+03   8.3304331e+02
   1.1708504e+03   8.7276915e+02
   1.1677946e+03   9.1249499e+02
   1.1739062e+03   9.8583500e+02
   1.2014087e+03   1.0530634e+03
   1.2411346e+03   1.1172359e+03
   1.2961396e+03   1.1477942e+03
