   1.4147298e+03   6.7772017e+02
   1.3554567e+03   7.1284500e+02
   1.2939883e+03   7.7211815e+02
   1.2917930e+03   8.5553961e+02
   1.3159413e+03   9.4115638e+02
   1.3598473e+03   1.0465309e+03
   1.4674171e+03   1.1387335e+03
   1.5310808e+03   1.1584912e+03
   1.6188929e+03   1.1255617e+03
   1.6847520e+03   1.0772651e+03
   1.7242674e+03   9.9603892e+02
   1.7198768e+03   9.0603155e+02
   1.7132909e+03   8.0504767e+02
   1.6671895e+03   7.4577453e+02
   1.6166976e+03   7.1064970e+02
   1.5464480e+03   6.8430608e+02
