   1.3749098e+03   6.3390378e+02
   1.4136880e+03   6.3768702e+02
   1.4704365e+03   6.4714511e+02
   1.5281309e+03   6.7268196e+02
   1.5725839e+03   7.0862271e+02
   1.5981208e+03   7.5969640e+02
   1.6160912e+03   8.2022819e+02
   1.6179828e+03   8.8075997e+02
   1.6075789e+03   9.3845433e+02
   1.5867711e+03   9.9804031e+02
   1.5186728e+03   1.0642469e+03
   1.4392248e+03   1.0907296e+03
   1.3493730e+03   1.0793799e+03
   1.2708708e+03   1.0103358e+03
   1.2027726e+03   9.1575491e+02
   1.1923687e+03   8.3252370e+02
   1.2056100e+03   7.6820868e+02
   1.2472256e+03   6.9916461e+02
   1.2973535e+03   6.5281997e+02
