   1.3312047e+03   8.6133665e+02
   1.3900963e+03   8.6831065e+02
   1.4474381e+03   8.9078243e+02
   1.4861825e+03   9.0860487e+02
   1.5272516e+03   9.6904620e+02
   1.5373252e+03   1.0077906e+03
   1.5365503e+03   1.0852795e+03
   1.5249269e+03   1.1774913e+03
   1.4575116e+03   1.2859757e+03
   1.4032694e+03   1.3440924e+03
   1.3110576e+03   1.3611400e+03
   1.2459669e+03   1.3479669e+03
   1.1963741e+03   1.3239453e+03
   1.1390323e+03   1.2859757e+03
   1.1064869e+03   1.2069371e+03
   1.0971883e+03   1.1155002e+03
   1.1018376e+03   1.0318122e+03
   1.1553049e+03   9.5354842e+02
   1.2056727e+03   9.0008109e+02
   1.2630145e+03   8.7295998e+02
