   1.3335037e+03   5.8112690e+02
   1.3752144e+03   5.8771281e+02
   1.4541655e+03   6.0361972e+02
   1.5106222e+03   6.4243367e+02
   1.5640104e+03   6.8650138e+02
   1.6145023e+03   7.8089936e+02
   1.6320647e+03   8.5553961e+02
   1.6166976e+03   9.5652349e+02
   1.5793775e+03   1.0026248e+03
   1.5091278e+03   1.0662886e+03
   1.3993627e+03   1.0948275e+03
   1.3181366e+03   1.0926322e+03
   1.2720352e+03   1.0772651e+03
   1.2105668e+03   1.0509215e+03
   1.1534889e+03   9.8067181e+02
   1.1337312e+03   9.3676578e+02
   1.1183641e+03   8.5773491e+02
   1.1205594e+03   7.6553224e+02
   1.1490983e+03   6.8869668e+02
   1.2017856e+03   6.2283763e+02
   1.2456916e+03   5.9868931e+02
