   1.5558855e+03   9.2777416e+02
   1.5497738e+03   8.6971331e+02
   1.5253271e+03   8.2387581e+02
   1.5008805e+03   7.9026163e+02
   1.4764338e+03   7.6275913e+02
   1.4519871e+03   7.2914495e+02
   1.4214288e+03   7.0775412e+02
   1.3817029e+03   6.8636328e+02
   1.3450329e+03   6.7413994e+02
   1.3053071e+03   6.7413994e+02
   1.2472462e+03   6.8941911e+02
   1.2136321e+03   7.0775412e+02
   1.1830737e+03   7.3525662e+02
   1.1616829e+03   7.5359162e+02
   1.1219571e+03   7.9942913e+02
   1.1097337e+03   8.2693164e+02
   1.1005662e+03   8.5443414e+02
   1.0944545e+03   8.9721582e+02
   1.1036220e+03   9.5222083e+02
   1.1250129e+03   9.9500251e+02
   1.1586271e+03   1.0316725e+03
   1.1800179e+03   1.0500075e+03
   1.2258554e+03   1.0836217e+03
   1.2747487e+03   1.0958450e+03
   1.3175304e+03   1.1141800e+03
   1.3694796e+03   1.1019567e+03
   1.4305963e+03   1.0805659e+03
   1.4764338e+03   1.0652867e+03
   1.5192155e+03   1.0347283e+03
   1.5436621e+03   1.0011142e+03
