   1.1057684e+03   7.9231929e+02
   1.0665038e+03   8.0742107e+02
   1.0181780e+03   8.4366536e+02
   9.8495411e+02   8.8897072e+02
   9.6683197e+02   9.2823536e+02
   9.6079126e+02   9.7958143e+02
   9.6079126e+02   1.0188461e+03
   9.6683197e+02   1.0822736e+03
   9.8797447e+02   1.1336196e+03
   1.0181780e+03   1.1849657e+03
   1.0514020e+03   1.2091286e+03
   1.0816055e+03   1.2242304e+03
   1.1329516e+03   1.2393321e+03
   1.1903384e+03   1.2393321e+03
   1.2567863e+03   1.2212100e+03
   1.3202137e+03   1.1879861e+03
   1.3715598e+03   1.1366400e+03
   1.3957227e+03   1.0792532e+03
   1.4108245e+03   1.0007239e+03
   1.3866616e+03   9.1917429e+02
   1.3655191e+03   8.7386893e+02
   1.3171934e+03   8.3158393e+02
   1.2688677e+03   7.9836000e+02
   1.2235623e+03   7.8325822e+02
   1.1631552e+03   7.8325822e+02
