   1.3441042e+03   5.6476641e+02
   1.3942010e+03   5.6745017e+02
   1.4577166e+03   5.8265812e+02
   1.5257051e+03   6.2828198e+02
   1.5722235e+03   6.7032750e+02
   1.6330553e+03   7.8215068e+02
   1.6420012e+03   8.9397386e+02
   1.6008503e+03   1.0308454e+03
   1.5283888e+03   1.0952556e+03
   1.4371411e+03   1.1283552e+03
   1.3288963e+03   1.1095689e+03
   1.2510674e+03   1.0693126e+03
   1.1830789e+03   1.0147429e+03
   1.1249308e+03   9.1097098e+02
   1.1240362e+03   7.2489721e+02
   1.1768168e+03   6.5333037e+02
   1.2465944e+03   6.0054983e+02
