   1.1411233e+03   7.5076954e+02
   1.1758002e+03   7.3343111e+02
   1.2321501e+03   7.3559841e+02
   1.2885000e+03   7.4643493e+02
   1.3383480e+03   8.0495216e+02
   1.3838614e+03   8.5046555e+02
   1.3903633e+03   9.1765200e+02
   1.3838614e+03   1.0086788e+03
   1.3491845e+03   1.0867018e+03
   1.3015038e+03   1.1322151e+03
   1.2559904e+03   1.1473863e+03
   1.1909713e+03   1.1603901e+03
   1.1216175e+03   1.1387171e+03
   1.0804388e+03   1.1170440e+03
   1.0392600e+03   1.0736979e+03
   1.0132523e+03   1.0303518e+03
   9.9591388e+02   9.4149235e+02
   1.0002485e+03   8.6130208e+02
   1.0349254e+03   8.1145407e+02
   1.0977772e+03   7.5510415e+02
