   1.3615340e+03   6.6695246e+02
   1.4399992e+03   6.7308256e+02
   1.4841359e+03   6.8411672e+02
   1.5454368e+03   7.2947941e+02
   1.5981556e+03   8.3001294e+02
   1.6067377e+03   9.3667656e+02
   1.5601490e+03   1.0212718e+03
   1.5086562e+03   1.0887029e+03
   1.4265130e+03   1.1340656e+03
   1.3345616e+03   1.1230314e+03
   1.2487403e+03   1.0776687e+03
   1.2009256e+03   1.0077856e+03
   1.1813093e+03   9.3299850e+02
   1.1825353e+03   8.7414961e+02
   1.2303500e+03   7.8219821e+02
   1.2757127e+03   7.0986312e+02
