   1.3877250e+03   6.0128076e+02
   1.4434067e+03   6.1486166e+02
   1.5493377e+03   6.3387491e+02
   1.6240326e+03   7.3844782e+02
   1.6566268e+03   8.4573691e+02
   1.6661334e+03   9.1499948e+02
   1.6213164e+03   1.0087077e+03
   1.5941546e+03   1.0738960e+03
   1.5167435e+03   1.1458747e+03
   1.3945155e+03   1.1716784e+03
   1.2845102e+03   1.1377262e+03
   1.2193219e+03   1.0738960e+03
   1.1609240e+03   9.8833633e+02
   1.1269718e+03   8.7697297e+02
   1.1514174e+03   7.7240006e+02
   1.1975924e+03   7.0585367e+02
   1.2899425e+03   6.4338154e+02
