   1.5588220e+03   9.8260179e+02
   1.5376795e+03   1.0279071e+03
   1.5104962e+03   1.0732125e+03
   1.4712316e+03   1.1185179e+03
   1.4500891e+03   1.1305993e+03
   1.3957227e+03   1.1517418e+03
   1.3292748e+03   1.1608029e+03
   1.2567863e+03   1.1517418e+03
   1.2175216e+03   1.1215382e+03
   1.1873180e+03   1.0973754e+03
   1.1571145e+03   1.0641514e+03
   1.1359720e+03   1.0248868e+03
   1.1208702e+03   9.7656107e+02
   1.1178498e+03   9.2823536e+02
   1.1238905e+03   8.8595036e+02
   1.1359720e+03   8.4970607e+02
   1.1571145e+03   8.1950250e+02
   1.1903384e+03   7.8929893e+02
   1.2265827e+03   7.5607500e+02
   1.2749084e+03   7.3191215e+02
   1.3171934e+03   7.1076965e+02
   1.3624987e+03   7.0774929e+02
   1.3927023e+03   7.1379000e+02
   1.4349873e+03   7.2889179e+02
   1.4742520e+03   7.5607500e+02
   1.5135166e+03   7.8325822e+02
   1.5406998e+03   8.0742107e+02
   1.5558016e+03   8.3158393e+02
   1.5648627e+03   8.6782822e+02
   1.5709034e+03   9.0105214e+02
   1.5678830e+03   9.3125571e+02
