   1.5039363e+03   1.0072258e+03
   1.5375505e+03   9.6444417e+02
   1.5742205e+03   9.1555082e+02
   1.5894996e+03   8.5137831e+02
   1.5742205e+03   7.6581496e+02
   1.5222713e+03   7.3220079e+02
   1.4703221e+03   6.9553078e+02
   1.4122613e+03   6.7108411e+02
   1.3572563e+03   6.5886077e+02
   1.3053071e+03   6.6191661e+02
   1.2441904e+03   6.9553078e+02
   1.1861296e+03   7.2914495e+02
   1.1555712e+03   7.9942913e+02
   1.1464037e+03   8.6054581e+02
   1.1555712e+03   9.1249499e+02
   1.1922412e+03   9.6750000e+02
   1.2289112e+03   1.0102817e+03
   1.2747487e+03   1.0408400e+03
   1.3358654e+03   1.0500075e+03
   1.4061496e+03   1.0377842e+03
