   1.4500891e+03   1.2514136e+03
   1.4682112e+03   1.2121489e+03
   1.4712316e+03   1.1577825e+03
   1.4470687e+03   1.1154975e+03
   1.4078041e+03   1.0792532e+03
   1.3655191e+03   1.0611311e+03
   1.3202137e+03   1.0460293e+03
   1.2537659e+03   1.0309275e+03
   1.2084605e+03   1.0399886e+03
   1.1661755e+03   1.0732125e+03
   1.1359720e+03   1.1275789e+03
   1.1269109e+03   1.1910064e+03
   1.1389923e+03   1.2604746e+03
   1.1722163e+03   1.3057800e+03
   1.2084605e+03   1.3359836e+03
   1.2537659e+03   1.3390039e+03
   1.3232341e+03   1.3269225e+03
   1.3776005e+03   1.2997393e+03
