   1.5890255e+03   1.1064364e+03
   1.5799645e+03   1.0852939e+03
   1.5678830e+03   1.0641514e+03
   1.5406998e+03   1.0399886e+03
   1.5014352e+03   1.0218664e+03
   1.4651909e+03   1.0007239e+03
   1.4289466e+03   9.9166286e+02
   1.3957227e+03   9.9770357e+02
   1.3745802e+03   1.0007239e+03
   1.3504173e+03   1.0037443e+03
   1.3141730e+03   1.0097850e+03
   1.2839695e+03   1.0279071e+03
   1.2658473e+03   1.0762329e+03
   1.2598066e+03   1.1124771e+03
   1.2567863e+03   1.1517418e+03
   1.2507455e+03   1.2000675e+03
   1.2537659e+03   1.2453729e+03
   1.2598066e+03   1.2906782e+03
   1.2749084e+03   1.3239021e+03
   1.2900102e+03   1.3480650e+03
   1.3171934e+03   1.3631668e+03
   1.3292748e+03   1.3722279e+03
   1.3655191e+03   1.3843093e+03
   1.4168652e+03   1.3903500e+03
   1.4470687e+03   1.3722279e+03
   1.4802927e+03   1.3541057e+03
   1.4923741e+03   1.3269225e+03
   1.4984148e+03   1.2967189e+03
   1.4984148e+03   1.2634950e+03
   1.4984148e+03   1.2272507e+03
   1.4984148e+03   1.2030879e+03
   1.5104962e+03   1.1849657e+03
   1.5316387e+03   1.1668436e+03
   1.5588220e+03   1.1426807e+03
   1.5739237e+03   1.1336196e+03
