   1.1601348e+03   8.5272643e+02
   1.1269109e+03   8.5876714e+02
   1.1057684e+03   8.7084857e+02
   1.0816055e+03   8.8897072e+02
   1.0695241e+03   9.1615393e+02
   1.0634834e+03   9.5239821e+02
   1.0604630e+03   9.7958143e+02
   1.0604630e+03   1.0067646e+03
   1.0634834e+03   1.0430089e+03
   1.0665038e+03   1.0701921e+03
   1.0755648e+03   1.0973754e+03
   1.0906666e+03   1.1154975e+03
   1.1299313e+03   1.1305993e+03
   1.1752366e+03   1.1305993e+03
   1.2084605e+03   1.1215382e+03
   1.2447048e+03   1.1003957e+03
   1.2688677e+03   1.0762329e+03
   1.2990712e+03   1.0490496e+03
   1.3232341e+03   9.9770357e+02
   1.3111527e+03   9.4937786e+02
   1.2900102e+03   9.0709286e+02
   1.2447048e+03   8.6782822e+02
   1.2114809e+03   8.5272643e+02
