   1.0144168e+03   7.1979226e+02
   9.5461100e+02   7.2975989e+02
   9.1474048e+02   7.7087636e+02
   8.8857544e+02   8.0700903e+02
   8.6739423e+02   8.7304458e+02
   8.6739423e+02   9.3035846e+02
   8.9355926e+02   1.0026238e+03
   9.2844597e+02   1.0948244e+03
   1.0306142e+03   1.1434166e+03
   1.1365203e+03   1.1496463e+03
   1.2199992e+03   1.1097758e+03
   1.2760671e+03   1.0125914e+03
   1.2935105e+03   9.4530991e+02
   1.2685914e+03   8.3815787e+02
   1.2274749e+03   7.7959804e+02
   1.1639313e+03   7.3598966e+02
   1.0829442e+03   7.0857867e+02
