   1.1723411e+03   6.2597691e+02
   1.2314167e+03   6.2521953e+02
   1.2904922e+03   6.4869829e+02
   1.3465383e+03   6.8353772e+02
   1.4003122e+03   7.5473136e+02
   1.4222762e+03   8.3349878e+02
   1.4162172e+03   9.5316468e+02
   1.3578990e+03   1.0342042e+03
   1.2450495e+03   1.0955519e+03
   1.1420459e+03   1.0735880e+03
   1.0466162e+03   9.9330577e+02
   9.7390778e+02   8.8954484e+02
   9.6481923e+02   7.9260031e+02
   9.8299633e+02   7.0247220e+02
   1.0390424e+03   6.7066228e+02
   1.1072065e+03   6.3809498e+02
