   1.1616829e+03   9.9805834e+02
   1.1555712e+03   1.0408400e+03
   1.1586271e+03   1.0927892e+03
   1.1708504e+03   1.1416825e+03
   1.1983529e+03   1.1966875e+03
   1.2472462e+03   1.2394692e+03
   1.3266979e+03   1.2761392e+03
   1.3694796e+03   1.2608601e+03
   1.4153171e+03   1.2425251e+03
   1.4642105e+03   1.2058550e+03
   1.5253271e+03   1.1477942e+03
   1.5681088e+03   1.0836217e+03
   1.5833880e+03   1.0102817e+03
   1.5681088e+03   9.6444417e+02
   1.5742205e+03   9.1555082e+02
   1.5528296e+03   8.7276915e+02
   1.5161596e+03   8.3915497e+02
   1.4580988e+03   8.1165247e+02
   1.4275404e+03   7.9331747e+02
   1.3694796e+03   7.8720580e+02
   1.3266979e+03   7.9637330e+02
   1.2930838e+03   8.0859664e+02
   1.2564137e+03   8.2998747e+02
   1.2289112e+03   8.5443414e+02
   1.1952971e+03   8.9110415e+02
   1.1800179e+03   9.2777416e+02
