   9.1156161e+02   1.0605900e+03
   9.2682227e+02   1.0666943e+03
   9.5123934e+02   1.0727986e+03
   9.7565640e+02   1.0727986e+03
   1.0000735e+03   1.0544858e+03
   1.0092299e+03   1.0331209e+03
   1.0183863e+03   9.9954739e+02
   1.0183863e+03   9.5376540e+02
   1.0122820e+03   9.2019194e+02
   9.8481280e+02   9.1713981e+02
   9.5429147e+02   9.1408768e+02
   9.2682227e+02   9.1103555e+02
   9.0240521e+02   8.8967062e+02
   8.8714455e+02   8.8356635e+02
   8.5967536e+02   8.9272275e+02
   8.4441469e+02   9.5986967e+02
   8.4441469e+02   9.9954739e+02
