   1.7858666e+03   7.1132770e+02
   1.7902250e+03   7.1459654e+02
   1.8359888e+03   7.2985112e+02
   1.8675876e+03   7.6907719e+02
   1.8828421e+03   8.2246822e+02
   1.8882902e+03   8.8130732e+02
   1.9024552e+03   9.4123604e+02
   1.8980967e+03   1.0000751e+03
   1.8479745e+03   1.0730792e+03
   1.8011212e+03   1.1330079e+03
   1.7292067e+03   1.1330079e+03
   1.6976079e+03   1.1155741e+03
   1.6540234e+03   1.0883338e+03
   1.6365896e+03   1.0654519e+03
   1.6246039e+03   1.0164193e+03
   1.6191558e+03   9.5758023e+02
   1.6246039e+03   9.1072687e+02
   1.6300519e+03   8.3118513e+02
   1.6594715e+03   7.7234603e+02
   1.6910703e+03   7.4401609e+02
   1.7401028e+03   7.1132770e+02
