   1.2473212e+03   5.1453335e+02
   1.1671309e+03   5.2320257e+02
   1.0977772e+03   5.7738518e+02
   1.0587657e+03   6.3156779e+02
   1.0262561e+03   7.0742345e+02
   1.0154196e+03   7.9628294e+02
   1.0457619e+03   8.8080782e+02
   1.0934426e+03   9.5232887e+02
   1.1476252e+03   1.0065115e+03
   1.2559904e+03   1.0498576e+03
   1.3686903e+03   1.0346864e+03
   1.4228729e+03   1.0000096e+03
   1.4618844e+03   9.3065582e+02
   1.4943939e+03   8.7430590e+02
   1.5073978e+03   7.9194833e+02
   1.4943939e+03   7.1825998e+02
   1.4467132e+03   6.3373510e+02
   1.4033671e+03   5.6871596e+02
   1.3275115e+03   5.3187178e+02
