   1.2808604e+03   5.9468826e+02
   1.2441904e+03   5.9468826e+02
   1.2136321e+03   6.1913493e+02
   1.1647387e+03   6.4969327e+02
   1.1525154e+03   6.8636328e+02
   1.1372362e+03   7.1080995e+02
   1.1341804e+03   7.3831245e+02
   1.1311246e+03   7.6581496e+02
   1.1341804e+03   7.9637330e+02
   1.1433479e+03   8.2998747e+02
   1.1525154e+03   8.5748998e+02
   1.1616829e+03   8.8193665e+02
   1.1708504e+03   8.9110415e+02
   1.1861296e+03   9.0638332e+02
   1.2044646e+03   9.2471832e+02
   1.2380787e+03   9.4916500e+02
   1.2808604e+03   9.6750000e+02
   1.3358654e+03   9.7055583e+02
   1.3908704e+03   9.6444417e+02
   1.4153171e+03   9.3082999e+02
   1.4489313e+03   8.9415999e+02
   1.4672663e+03   8.5748998e+02
   1.4703221e+03   8.1776414e+02
   1.4825455e+03   7.7192663e+02
   1.4764338e+03   7.3525662e+02
   1.4580988e+03   7.0164245e+02
   1.4214288e+03   6.5274910e+02
   1.3817029e+03   6.1913493e+02
   1.3511446e+03   6.0079993e+02
