   1.2900279e+03   9.2777416e+02
   1.3114188e+03   9.3999749e+02
   1.3328096e+03   9.4305333e+02
   1.3633679e+03   9.4610916e+02
   1.3908704e+03   9.3694166e+02
   1.4214288e+03   9.2471832e+02
   1.4489313e+03   9.0027165e+02
   1.4642105e+03   8.7888082e+02
   1.4764338e+03   8.5443414e+02
   1.4825455e+03   8.2693164e+02
   1.4825455e+03   7.9331747e+02
   1.4672663e+03   7.6887079e+02
   1.4489313e+03   7.4747996e+02
   1.4275404e+03   7.3220079e+02
   1.4030938e+03   7.1386578e+02
   1.3817029e+03   7.0469828e+02
   1.3603121e+03   6.9553078e+02
   1.3266979e+03   6.9858661e+02
   1.2961396e+03   7.0775412e+02
   1.2594696e+03   7.2914495e+02
   1.2411346e+03   7.6275913e+02
   1.2319671e+03   8.0554080e+02
   1.2350229e+03   8.3915497e+02
   1.2441904e+03   8.7276915e+02
   1.2594696e+03   9.0027165e+02
