   1.3969821e+03   9.9500251e+02
   1.4305963e+03   9.4610916e+02
   1.4611546e+03   8.8804832e+02
   1.4825455e+03   8.2998747e+02
   1.4917130e+03   7.7803830e+02
   1.4947688e+03   7.3220079e+02
   1.4764338e+03   6.7108411e+02
   1.4397638e+03   6.0385576e+02
   1.3878146e+03   5.5190658e+02
   1.3328096e+03   5.3051575e+02
   1.2686371e+03   5.1523658e+02
   1.1983529e+03   5.2440408e+02
   1.1494596e+03   5.3968325e+02
   1.1005662e+03   5.8246492e+02
   1.0608404e+03   6.3441410e+02
   1.0425054e+03   6.8636328e+02
   1.0241704e+03   7.5053579e+02
   1.0241704e+03   8.2387581e+02
   1.0394495e+03   8.8499248e+02
   1.0791754e+03   9.3082999e+02
   1.1158454e+03   9.7055583e+02
   1.1494596e+03   1.0041700e+03
   1.2044646e+03   1.0347283e+03
   1.2625254e+03   1.0469517e+03
   1.3205863e+03   1.0438958e+03
   1.3480888e+03   1.0377842e+03
