   1.7239563e+03   6.7719578e+02
   1.6536722e+03   7.2303329e+02
   1.6078346e+03   7.6275913e+02
   1.5772763e+03   8.1776414e+02
   1.5619971e+03   8.6665748e+02
   1.5619971e+03   9.2471832e+02
   1.5650530e+03   9.7361167e+02
   1.5833880e+03   1.0377842e+03
   1.6078346e+03   1.0927892e+03
   1.6597838e+03   1.1447384e+03
   1.7117330e+03   1.1752967e+03
   1.7942405e+03   1.1936317e+03
   1.8767480e+03   1.1783525e+03
   1.9378647e+03   1.1325150e+03
   1.9898139e+03   1.0622309e+03
   2.0264839e+03   9.9500251e+02
   2.0478747e+03   9.1249499e+02
   2.0417631e+03   8.3304331e+02
   2.0173164e+03   7.7803830e+02
   1.9653672e+03   7.2608912e+02
   1.9011947e+03   6.8330744e+02
   1.8095197e+03   6.6497244e+02
