   1.4000379e+03   9.5222083e+02
   1.3694796e+03   9.3082999e+02
   1.3266979e+03   9.2166249e+02
   1.2716929e+03   9.2471832e+02
   1.2289112e+03   9.4916500e+02
   1.1800179e+03   9.7972334e+02
   1.1433479e+03   1.0194492e+03
   1.1158454e+03   1.0622309e+03
   1.1097337e+03   1.0989009e+03
   1.1036220e+03   1.1630734e+03
   1.1036220e+03   1.2211342e+03
   1.1097337e+03   1.2608601e+03
   1.1250129e+03   1.2914184e+03
   1.1616829e+03   1.3250326e+03
   1.1952971e+03   1.3586467e+03
   1.2227996e+03   1.3739259e+03
   1.2625254e+03   1.3739259e+03
   1.3053071e+03   1.3739259e+03
   1.3511446e+03   1.3647584e+03
   1.4000379e+03   1.3342001e+03
   1.4428196e+03   1.2914184e+03
   1.4764338e+03   1.2486367e+03
   1.4917130e+03   1.2211342e+03
   1.5008805e+03   1.1569617e+03
   1.4978246e+03   1.1019567e+03
   1.4825455e+03   1.0438958e+03
   1.4458754e+03   9.9805834e+02
