   1.4305963e+03   8.8499248e+02
   1.4550429e+03   9.0943916e+02
   1.4642105e+03   9.3082999e+02
   1.4794896e+03   9.5527666e+02
   1.4947688e+03   9.7666750e+02
   1.5008805e+03   1.0163933e+03
   1.4947688e+03   1.0713984e+03
   1.4856013e+03   1.0958450e+03
   1.4764338e+03   1.1325150e+03
   1.4580988e+03   1.1661292e+03
   1.4367079e+03   1.1966875e+03
   1.4183729e+03   1.2303017e+03
   1.3969821e+03   1.2547484e+03
   1.3328096e+03   1.2669717e+03
   1.3022513e+03   1.2608601e+03
   1.2686371e+03   1.2486367e+03
   1.2350229e+03   1.2333576e+03
   1.2044646e+03   1.2150225e+03
   1.1800179e+03   1.1966875e+03
   1.1647387e+03   1.1814084e+03
   1.1464037e+03   1.1508500e+03
   1.1311246e+03   1.1202917e+03
   1.1250129e+03   1.0836217e+03
   1.1158454e+03   1.0561192e+03
   1.1158454e+03   1.0163933e+03
   1.1219571e+03   9.9194667e+02
   1.1372362e+03   9.5833250e+02
   1.1647387e+03   9.2166249e+02
   1.1922412e+03   8.8804832e+02
   1.2350229e+03   8.5137831e+02
   1.2380787e+03   8.5443414e+02
   1.2655812e+03   8.3609914e+02
   1.3175304e+03   8.2693164e+02
   1.3572563e+03   8.3915497e+02
   1.3817029e+03   8.5137831e+02
   1.4061496e+03   8.6054581e+02
