   1.5161596e+03   8.0554080e+02
   1.5161596e+03   8.3915497e+02
   1.4856013e+03   8.7582498e+02
   1.4458754e+03   9.1860666e+02
   1.3939263e+03   9.6138833e+02
   1.3297538e+03   9.9500251e+02
   1.2961396e+03   9.9805834e+02
   1.2472462e+03   9.7972334e+02
   1.2014087e+03   9.5527666e+02
   1.1586271e+03   9.0332749e+02
   1.1402921e+03   8.4832248e+02
   1.1250129e+03   8.2081997e+02
   1.1158454e+03   7.6581496e+02
   1.1189012e+03   7.2303329e+02
   1.1219571e+03   6.8636328e+02
   1.1311246e+03   6.4663744e+02
   1.1433479e+03   6.1913493e+02
   1.1769621e+03   5.5190658e+02
   1.2014087e+03   4.9384574e+02
   1.2472462e+03   4.6634323e+02
   1.2991954e+03   4.5717573e+02
   1.3817029e+03   4.6634323e+02
   1.4244846e+03   4.8467824e+02
   1.4642105e+03   5.1218074e+02
   1.5008805e+03   5.4885075e+02
   1.5222713e+03   5.8552076e+02
   1.5375505e+03   6.4663744e+02
   1.5375505e+03   6.8941911e+02
   1.5314388e+03   7.4136829e+02
