   1.3244828e+03   7.2015902e+02
   1.3917652e+03   7.4100706e+02
   1.4182990e+03   7.5995984e+02
   1.4514664e+03   7.9217955e+02
   1.4912672e+03   8.6514772e+02
   1.5121153e+03   9.2295367e+02
   1.5045342e+03   9.8075962e+02
   1.4780003e+03   1.0433038e+03
   1.4173514e+03   1.1257483e+03
   1.3595455e+03   1.1494393e+03
   1.2970013e+03   1.1503869e+03
   1.2297190e+03   1.1352247e+03
   1.1804418e+03   1.1077432e+03
   1.1292693e+03   1.0688900e+03
   1.0885208e+03   1.0044506e+03
   1.0780968e+03   9.5612102e+02
   1.0619869e+03   8.8125757e+02
   1.0818874e+03   8.3008509e+02
   1.1008401e+03   8.0165593e+02
   1.1434839e+03   7.7038386e+02
   1.1861276e+03   7.3532123e+02
   1.2439335e+03   7.2774012e+02
