   1.4500891e+03   1.0671718e+03
   1.4833130e+03   1.0279071e+03
   1.5135166e+03   9.8260179e+02
   1.5255980e+03   9.1615393e+02
   1.5255980e+03   8.4668572e+02
   1.5074759e+03   7.7721750e+02
   1.4772723e+03   7.1681036e+02
   1.4168652e+03   6.8660679e+02
   1.3564580e+03   6.6848465e+02
   1.3051120e+03   6.2619965e+02
   1.2628270e+03   6.3526072e+02
   1.2024198e+03   6.5640322e+02
   1.1540941e+03   6.8962715e+02
   1.1178498e+03   7.4399357e+02
   1.1027480e+03   7.8929893e+02
   1.0936870e+03   8.4064500e+02
   1.0876463e+03   8.9199107e+02
   1.0936870e+03   9.3427607e+02
   1.1118091e+03   9.8562214e+02
   1.1329516e+03   1.0309275e+03
   1.1601348e+03   1.0701921e+03
   1.2054402e+03   1.0973754e+03
   1.2477252e+03   1.1185179e+03
   1.2869898e+03   1.1305993e+03
   1.3232341e+03   1.1275789e+03
   1.3715598e+03   1.1064364e+03
