   1.2126443e+03   7.4860224e+02
   1.1909713e+03   7.3993302e+02
   1.1367887e+03   7.3776572e+02
   1.1021118e+03   7.4860224e+02
   1.0739368e+03   7.8978103e+02
   1.0652676e+03   8.2879251e+02
   1.0782715e+03   8.7430590e+02
   1.1129483e+03   9.0248086e+02
   1.1411233e+03   9.2848852e+02
   1.1714656e+03   9.3932504e+02
   1.2039751e+03   9.3282313e+02
   1.2234809e+03   9.1548469e+02
   1.2364847e+03   8.9597895e+02
   1.2559904e+03   8.6997129e+02
   1.2603250e+03   8.2879251e+02
   1.2473212e+03   7.8761372e+02
