   6.7196701e+02   5.6119567e+02
   7.3577480e+02   5.5686972e+02
   7.6497497e+02   5.6876609e+02
   8.0715301e+02   5.8606989e+02
   8.4933104e+02   6.3689983e+02
   8.7312377e+02   6.9638167e+02
   8.6230889e+02   7.4613011e+02
   8.2553830e+02   8.1101939e+02
   7.7470837e+02   8.6833825e+02
   7.1630802e+02   9.0294587e+02
   6.7412999e+02   9.0835331e+02
   6.1356666e+02   8.7374569e+02
   5.9085541e+02   8.1101939e+02
   5.8544797e+02   7.3098928e+02
   5.9626285e+02   6.8015935e+02
   6.2438154e+02   6.1418858e+02
