   1.0695241e+03   6.6546429e+02
   1.0151577e+03   6.9264750e+02
   9.5777090e+02   7.3191215e+02
   9.2454697e+02   7.7721750e+02
   9.0340447e+02   8.4064500e+02
   8.9736376e+02   9.0709286e+02
   8.9736376e+02   9.7354071e+02
   9.2152661e+02   1.0430089e+03
   9.5777090e+02   1.0973754e+03
   1.0211984e+03   1.1487214e+03
   1.0785852e+03   1.1819454e+03
   1.1752366e+03   1.1879861e+03
   1.2416845e+03   1.1577825e+03
   1.2960509e+03   1.1154975e+03
   1.3292748e+03   1.0792532e+03
   1.3564580e+03   1.0339479e+03
   1.3866616e+03   9.8260179e+02
   1.4078041e+03   9.1011322e+02
   1.4047837e+03   8.4668572e+02
   1.3836412e+03   8.0742107e+02
   1.3534377e+03   7.4399357e+02
   1.3232341e+03   7.0170858e+02
   1.2900102e+03   6.7452536e+02
   1.2447048e+03   6.5036251e+02
   1.1963791e+03   6.4734215e+02
   1.1359720e+03   6.5338286e+02
