   1.2839695e+03   1.2061082e+03
   1.3202137e+03   1.1879861e+03
   1.3383359e+03   1.1517418e+03
   1.3564580e+03   1.1185179e+03
   1.3685395e+03   1.0701921e+03
   1.3715598e+03   1.0369682e+03
   1.3715598e+03   9.8562214e+02
   1.3715598e+03   9.4635750e+02
   1.3624987e+03   9.1615393e+02
   1.3504173e+03   8.8293000e+02
   1.3353155e+03   8.4970607e+02
   1.3111527e+03   8.1648215e+02
   1.2779288e+03   7.9836000e+02
   1.2477252e+03   7.8929893e+02
   1.2084605e+03   7.8325822e+02
   1.1601348e+03   7.8627857e+02
   1.1118091e+03   7.9836000e+02
   1.0725445e+03   8.4064500e+02
   1.0393205e+03   8.8897072e+02
   1.0242188e+03   9.5239821e+02
   1.0332798e+03   1.0218664e+03
   1.0604630e+03   1.0973754e+03
   1.1057684e+03   1.1608029e+03
   1.1631552e+03   1.1970471e+03
   1.2175216e+03   1.2121489e+03
