   1.2197437e+03   8.5443414e+02
   1.2258554e+03   8.6971331e+02
   1.2472462e+03   9.0332749e+02
   1.2747487e+03   9.3999749e+02
   1.3083629e+03   9.6750000e+02
   1.3603121e+03   9.6750000e+02
   1.4000379e+03   9.6750000e+02
   1.4336521e+03   9.5833250e+02
   1.4642105e+03   9.3082999e+02
   1.4825455e+03   8.9415999e+02
   1.4978246e+03   8.5137831e+02
   1.5008805e+03   8.0859664e+02
   1.4947688e+03   7.7803830e+02
   1.4794896e+03   7.4747996e+02
   1.4611546e+03   7.2608912e+02
   1.4244846e+03   7.1080995e+02
   1.3847588e+03   6.9858661e+02
   1.3389213e+03   6.8941911e+02
   1.2900279e+03   6.9553078e+02
   1.2594696e+03   7.1997745e+02
   1.2319671e+03   7.6887079e+02
   1.2227996e+03   7.9942913e+02
