   1.2411346e+03   1.0194492e+03
   1.2564137e+03   9.6138833e+02
   1.2625254e+03   9.0638332e+02
   1.2625254e+03   8.4526664e+02
   1.2350229e+03   7.8414996e+02
   1.2014087e+03   7.4136829e+02
   1.1586271e+03   6.9247495e+02
   1.1158454e+03   6.6497244e+02
   1.0669520e+03   6.4969327e+02
   1.0211145e+03   6.4358160e+02
   9.6305369e+02   6.4663744e+02
   9.0804868e+02   6.8025161e+02
   8.6832283e+02   7.1997745e+02
   8.4387616e+02   7.6887079e+02
   8.1942949e+02   8.1776414e+02
   8.1026199e+02   8.5748998e+02
   8.1026199e+02   9.0638332e+02
   8.2554116e+02   9.6444417e+02
   8.5304366e+02   1.0163933e+03
   8.9582534e+02   1.0591750e+03
   9.2943951e+02   1.1019567e+03
   9.8750036e+02   1.1386267e+03
   1.0363937e+03   1.1539059e+03
   1.0975104e+03   1.1600175e+03
   1.1433479e+03   1.1264034e+03
   1.1861296e+03   1.0775100e+03
