   1.0761195e+03   6.8636328e+02
   1.0547287e+03   7.1692162e+02
   1.0333379e+03   7.5970329e+02
   1.0241704e+03   8.1470830e+02
   1.0211145e+03   8.6971331e+02
   1.0333379e+03   9.1555082e+02
   1.0486170e+03   9.4610916e+02
   1.0730637e+03   9.7972334e+02
   1.1127895e+03   1.0225050e+03
   1.1433479e+03   1.0438958e+03
   1.1708504e+03   1.0500075e+03
   1.2014087e+03   1.0561192e+03
   1.2503021e+03   1.0622309e+03
   1.2869721e+03   1.0652867e+03
   1.3297538e+03   1.0683425e+03
   1.3755913e+03   1.0652867e+03
   1.4214288e+03   1.0622309e+03
   1.4611546e+03   1.0500075e+03
   1.5008805e+03   1.0286167e+03
   1.5375505e+03   9.9500251e+02
   1.5619971e+03   9.5833250e+02
   1.5864438e+03   9.0638332e+02
   1.5986671e+03   8.6054581e+02
   1.6017230e+03   8.1776414e+02
   1.5894996e+03   7.6887079e+02
   1.5833880e+03   7.3525662e+02
   1.5681088e+03   7.0164245e+02
   1.5467180e+03   6.7108411e+02
   1.5283830e+03   6.4358160e+02
   1.5100480e+03   6.1302326e+02
   1.4886571e+03   5.9163243e+02
   1.4642105e+03   5.7635326e+02
   1.4336521e+03   5.7024159e+02
   1.4030938e+03   5.6718575e+02
   1.3694796e+03   5.6107409e+02
   1.3328096e+03   5.7329742e+02
   1.2991954e+03   5.7940909e+02
   1.2747487e+03   5.7940909e+02
   1.2472462e+03   5.8552076e+02
   1.2136321e+03   5.8246492e+02
   1.1800179e+03   5.7635326e+02
   1.1433479e+03   5.9468826e+02
   1.1158454e+03   6.1913493e+02
   1.0975104e+03   6.4663744e+02
