   1.6689513e+03   6.9247495e+02
   1.6108905e+03   7.2303329e+02
   1.5803321e+03   7.5664746e+02
   1.5497738e+03   7.9331747e+02
   1.5253271e+03   8.2693164e+02
   1.5131038e+03   8.6971331e+02
   1.5100480e+03   9.0943916e+02
   1.5131038e+03   9.7055583e+02
   1.5375505e+03   1.0255608e+03
   1.5467180e+03   1.0438958e+03
   1.5528296e+03   1.0713984e+03
   1.5772763e+03   1.1019567e+03
   1.6383930e+03   1.1691850e+03
   1.7209005e+03   1.2272459e+03
   1.7881288e+03   1.2303017e+03
   1.8798039e+03   1.2211342e+03
   1.9439764e+03   1.1936317e+03
   1.9898139e+03   1.1416825e+03
   2.0173164e+03   1.0622309e+03
   2.0173164e+03   1.0255608e+03
   2.0050931e+03   9.8889084e+02
   2.0234281e+03   8.9721582e+02
   2.0142606e+03   8.4832248e+02
   1.9898139e+03   7.9942913e+02
   1.9561997e+03   7.5053579e+02
   1.9164739e+03   7.1080995e+02
   1.8553572e+03   6.7108411e+02
   1.8217430e+03   6.6191661e+02
   1.7422913e+03   6.7413994e+02
