   1.4489313e+03   9.4305333e+02
   1.4275404e+03   9.0332749e+02
   1.4092054e+03   8.6360165e+02
   1.3786471e+03   8.2387581e+02
   1.3450329e+03   7.9026163e+02
   1.3144746e+03   7.7498246e+02
   1.2808604e+03   7.6887079e+02
   1.2350229e+03   7.6581496e+02
   1.1891854e+03   7.7192663e+02
   1.1525154e+03   7.9026163e+02
   1.1189012e+03   8.0248497e+02
   1.0913987e+03   8.1470830e+02
   1.0638962e+03   8.4221081e+02
   1.0333379e+03   8.6360165e+02
   1.0088912e+03   8.9110415e+02
   9.9361203e+02   9.3694166e+02
   9.8750036e+02   9.7361167e+02
   9.8750036e+02   1.0163933e+03
   9.5999785e+02   1.0500075e+03
   9.7222119e+02   1.1050125e+03
   9.8750036e+02   1.1447384e+03
   1.0027795e+03   1.1875200e+03
   1.0425054e+03   1.2241901e+03
   1.0791754e+03   1.2516926e+03
   1.1280687e+03   1.2853067e+03
   1.1830737e+03   1.3128092e+03
   1.2380787e+03   1.3219767e+03
   1.2839162e+03   1.3280884e+03
   1.3419771e+03   1.3066976e+03
   1.4030938e+03   1.2547484e+03
   1.4367079e+03   1.2058550e+03
   1.4580988e+03   1.1508500e+03
   1.4672663e+03   1.0927892e+03
   1.4672663e+03   1.0408400e+03
   1.4672663e+03   1.0011142e+03
