   1.3908704e+03   1.1905759e+03
   1.4642105e+03   1.1447384e+03
   1.5131038e+03   1.0989009e+03
   1.5497738e+03   1.0286167e+03
   1.5589413e+03   9.5833250e+02
   1.5253271e+03   8.9415999e+02
   1.4794896e+03   8.5748998e+02
   1.4214288e+03   8.2693164e+02
   1.3480888e+03   8.0248497e+02
   1.2900279e+03   8.0248497e+02
   1.2350229e+03   8.2387581e+02
   1.1922412e+03   8.4526664e+02
   1.1494596e+03   9.0027165e+02
   1.1372362e+03   9.4916500e+02
   1.1372362e+03   1.0163933e+03
   1.1555712e+03   1.0775100e+03
   1.1891854e+03   1.1416825e+03
   1.2411346e+03   1.1630734e+03
   1.3022513e+03   1.1875200e+03
