   1.3491845e+03   6.5324084e+02
   1.3946979e+03   6.4890623e+02
   1.4662190e+03   6.6624467e+02
   1.5247362e+03   7.0742345e+02
   1.5637477e+03   7.5293685e+02
   1.5940899e+03   8.5046555e+02
   1.5724169e+03   9.0898278e+02
   1.5334054e+03   9.7183461e+02
   1.4705536e+03   1.0281845e+03
   1.4033671e+03   1.0541922e+03
   1.3058384e+03   1.0606941e+03
   1.2364847e+03   1.0368537e+03
   1.1736329e+03   9.7616922e+02
   1.1476252e+03   9.1981930e+02
   1.1324541e+03   8.3746173e+02
   1.1476252e+03   7.6377337e+02
   1.2104770e+03   7.0092154e+02
   1.2733289e+03   6.7057928e+02
