   1.5008805e+03   1.1050125e+03
   1.5436621e+03   1.0530634e+03
   1.5803321e+03   1.0041700e+03
   1.6108905e+03   9.2471832e+02
   1.6231138e+03   8.6054581e+02
   1.6231138e+03   8.0554080e+02
   1.6017230e+03   7.5970329e+02
   1.5619971e+03   7.1386578e+02
   1.5222713e+03   6.8941911e+02
   1.4642105e+03   6.7413994e+02
   1.4030938e+03   6.5886077e+02
   1.3511446e+03   6.5886077e+02
   1.3083629e+03   6.8025161e+02
   1.2625254e+03   7.0775412e+02
   1.2075204e+03   7.6887079e+02
   1.1616829e+03   8.0859664e+02
   1.1433479e+03   8.6360165e+02
   1.1372362e+03   9.0943916e+02
   1.1372362e+03   9.7666750e+02
   1.1586271e+03   1.0225050e+03
   1.1983529e+03   1.0622309e+03
   1.2472462e+03   1.0958450e+03
   1.2869721e+03   1.1294592e+03
   1.3511446e+03   1.1386267e+03
   1.4275404e+03   1.1386267e+03
