   8.7863128e+02   6.7711074e+02
   9.5275058e+02   6.7996148e+02
   9.9123560e+02   6.9278982e+02
   1.0439743e+03   7.1987187e+02
   1.1009892e+03   8.1109563e+02
   1.1237951e+03   8.9661791e+02
   1.1380488e+03   9.6646110e+02
   1.1024146e+03   1.0861923e+03
   1.0468251e+03   1.1660131e+03
   9.3849687e+02   1.2415577e+03
   7.9738512e+02   1.2073488e+03
   7.4464638e+02   1.1204012e+03
   6.8905690e+02   1.0434311e+03
   6.6767633e+02   9.1229699e+02
   6.7622856e+02   8.5100603e+02
   7.0331061e+02   7.8401358e+02
   7.5747472e+02   7.3840170e+02
   8.0023586e+02   6.9991668e+02
