   1.1586271e+03   9.6444417e+02
   1.1555712e+03   9.8583500e+02
   1.1555712e+03   1.0163933e+03
   1.1647387e+03   1.0469517e+03
   1.1769621e+03   1.0561192e+03
   1.1891854e+03   1.0836217e+03
   1.2044646e+03   1.0958450e+03
   1.2227996e+03   1.1202917e+03
   1.2411346e+03   1.1325150e+03
   1.3053071e+03   1.1508500e+03
   1.3358654e+03   1.1569617e+03
   1.3603121e+03   1.1447384e+03
   1.3817029e+03   1.1233475e+03
   1.4030938e+03   1.0897334e+03
   1.4183729e+03   1.0408400e+03
   1.4275404e+03   9.9805834e+02
   1.4214288e+03   9.6138833e+02
   1.4153171e+03   9.2777416e+02
   1.4000379e+03   9.0332749e+02
   1.3817029e+03   8.7888082e+02
   1.3572563e+03   8.5748998e+02
   1.3389213e+03   8.4221081e+02
   1.3205863e+03   8.2998747e+02
   1.2930838e+03   8.2693164e+02
   1.2533579e+03   8.3304331e+02
   1.2289112e+03   8.4221081e+02
   1.2014087e+03   8.6665748e+02
   1.1891854e+03   8.9110415e+02
   1.1677946e+03   9.3388583e+02
