   1.2270745e+03   7.7501046e+02
   1.2745077e+03   7.8602173e+02
   1.3312581e+03   8.2159659e+02
   1.3659859e+03   8.6987676e+02
   1.3812323e+03   9.3509735e+02
   1.3863144e+03   1.0096352e+03
   1.3566687e+03   1.0892551e+03
   1.3050004e+03   1.1417704e+03
   1.2330037e+03   1.1604048e+03
   1.1779474e+03   1.1451584e+03
   1.1322082e+03   1.1231359e+03
   1.1135738e+03   1.0655385e+03
   1.1034095e+03   1.0197994e+03
   1.0737638e+03   9.7067221e+02
   1.0652936e+03   9.1307481e+02
   1.0729168e+03   8.6225358e+02
   1.0974804e+03   8.1312638e+02
   1.1211970e+03   7.8348066e+02
   1.1779474e+03   7.6654025e+02
