   1.3511446e+03   7.5970329e+02
   1.3175304e+03   7.7192663e+02
   1.2839162e+03   7.9942913e+02
   1.2594696e+03   8.2387581e+02
   1.2350229e+03   8.6054581e+02
   1.2197437e+03   8.9415999e+02
   1.2075204e+03   9.3388583e+02
   1.2044646e+03   9.6444417e+02
   1.2014087e+03   1.0041700e+03
   1.2044646e+03   1.0377842e+03
   1.2166879e+03   1.0805659e+03
   1.2319671e+03   1.1141800e+03
   1.2564137e+03   1.1386267e+03
   1.2808604e+03   1.1600175e+03
   1.3083629e+03   1.1722409e+03
   1.3419771e+03   1.1814084e+03
   1.3878146e+03   1.1814084e+03
   1.4275404e+03   1.1814084e+03
   1.4672663e+03   1.1661292e+03
   1.5222713e+03   1.1294592e+03
   1.5436621e+03   1.1141800e+03
   1.5711646e+03   1.0805659e+03
   1.5833880e+03   1.0438958e+03
   1.5925555e+03   1.0011142e+03
   1.5925555e+03   9.4916500e+02
   1.5894996e+03   9.0332749e+02
   1.5772763e+03   8.6360165e+02
   1.5497738e+03   8.2387581e+02
   1.5192155e+03   7.9637330e+02
   1.4917130e+03   7.7803830e+02
   1.4489313e+03   7.6275913e+02
   1.4030938e+03   7.5664746e+02
