   1.1127895e+03   8.2081997e+02
   1.1127895e+03   8.6971331e+02
   1.1219571e+03   9.0943916e+02
   1.1341804e+03   9.6444417e+02
   1.1464037e+03   1.0133375e+03
   1.1769621e+03   1.0469517e+03
   1.2258554e+03   1.0652867e+03
   1.2655812e+03   1.0775100e+03
   1.3297538e+03   1.0683425e+03
   1.3817029e+03   1.0469517e+03
   1.4397638e+03   1.0011142e+03
   1.4703221e+03   9.5527666e+02
   1.5008805e+03   8.7276915e+02
   1.5161596e+03   8.2387581e+02
   1.5283830e+03   7.5664746e+02
   1.5283830e+03   7.0775412e+02
   1.5161596e+03   6.5274910e+02
   1.4886571e+03   6.1302326e+02
   1.4428196e+03   5.7329742e+02
   1.3939263e+03   5.5801825e+02
   1.3389213e+03   5.4885075e+02
   1.2930838e+03   5.5190658e+02
   1.2411346e+03   5.8246492e+02
   1.1922412e+03   6.1913493e+02
   1.1555712e+03   6.8025161e+02
   1.1311246e+03   7.3525662e+02
