   1.4458754e+03   7.0164245e+02
   1.4030938e+03   6.7719578e+02
   1.3389213e+03   6.5580494e+02
   1.2961396e+03   6.5274910e+02
   1.2411346e+03   6.6497244e+02
   1.1952971e+03   7.0469828e+02
   1.1830737e+03   7.3831245e+02
   1.1555712e+03   7.7803830e+02
   1.1219571e+03   8.1470830e+02
   1.1097337e+03   8.3304331e+02
   1.1005662e+03   8.7582498e+02
   1.0913987e+03   9.0943916e+02
   1.0913987e+03   9.5222083e+02
   1.0883429e+03   9.7361167e+02
   1.0913987e+03   1.0041700e+03
   1.0975104e+03   1.0408400e+03
   1.1219571e+03   1.0897334e+03
   1.1372362e+03   1.1172359e+03
   1.1708504e+03   1.1416825e+03
   1.1983529e+03   1.1600175e+03
   1.2564137e+03   1.1752967e+03
   1.3144746e+03   1.1875200e+03
   1.3878146e+03   1.1875200e+03
   1.4367079e+03   1.1661292e+03
   1.4764338e+03   1.1264034e+03
   1.5283830e+03   1.0622309e+03
   1.5497738e+03   1.0133375e+03
   1.5681088e+03   9.4916500e+02
   1.5711646e+03   8.9415999e+02
   1.5619971e+03   8.2693164e+02
   1.5375505e+03   7.7192663e+02
   1.4978246e+03   7.3525662e+02
