   1.3786471e+03   9.2166249e+02
   1.3908704e+03   8.7276915e+02
   1.3969821e+03   8.1776414e+02
   1.3939263e+03   7.7803830e+02
   1.3755913e+03   7.4442412e+02
   1.3328096e+03   7.0164245e+02
   1.3022513e+03   6.7108411e+02
   1.2564137e+03   6.5274910e+02
   1.2472462e+03   6.3746994e+02
   1.2166879e+03   6.3746994e+02
   1.1800179e+03   6.4052577e+02
   1.0975104e+03   6.6191661e+02
   1.0486170e+03   6.8636328e+02
   9.9972369e+02   7.1386578e+02
   9.6916535e+02   7.4747996e+02
   9.5083035e+02   7.7803830e+02
   9.4166285e+02   8.1165247e+02
   9.4471868e+02   8.4526664e+02
   9.4471868e+02   8.6971331e+02
   9.5083035e+02   9.0027165e+02
   9.6916535e+02   9.3082999e+02
   9.9972369e+02   9.6750000e+02
   1.0425054e+03   1.0072258e+03
   1.0669520e+03   1.0530634e+03
   1.0975104e+03   1.0744542e+03
   1.1372362e+03   1.0897334e+03
   1.2166879e+03   1.0958450e+03
   1.2686371e+03   1.0805659e+03
   1.3083629e+03   1.0530634e+03
   1.3603121e+03   9.9500251e+02
