   1.1769621e+03   7.6275913e+02
   1.1525154e+03   7.9331747e+02
   1.1372362e+03   8.2387581e+02
   1.1372362e+03   8.5443414e+02
   1.1372362e+03   8.8499248e+02
   1.1555712e+03   9.3388583e+02
   1.1800179e+03   9.6138833e+02
   1.2258554e+03   9.7972334e+02
   1.2625254e+03   9.8583500e+02
   1.3022513e+03   9.8583500e+02
   1.3358654e+03   9.7361167e+02
   1.3633679e+03   9.4916500e+02
   1.3786471e+03   9.2777416e+02
   1.3939263e+03   8.9721582e+02
   1.3939263e+03   8.7276915e+02
   1.3878146e+03   8.4526664e+02
   1.3878146e+03   8.2387581e+02
   1.3725354e+03   8.0859664e+02
   1.3480888e+03   7.8414996e+02
   1.3266979e+03   7.6581496e+02
   1.3022513e+03   7.4442412e+02
   1.2716929e+03   7.4136829e+02
   1.2411346e+03   7.4136829e+02
   1.2197437e+03   7.4442412e+02
