   1.1983529e+03   1.0775100e+03
   1.1189012e+03   1.0805659e+03
   1.0486170e+03   1.0377842e+03
   9.9666786e+02   9.7972334e+02
   9.6305369e+02   9.1860666e+02
   9.4471868e+02   8.4221081e+02
   9.4777452e+02   7.7803830e+02
   9.6916535e+02   7.1997745e+02
   1.0058354e+03   6.5580494e+02
   1.0608404e+03   6.1302326e+02
   1.1311246e+03   6.0385576e+02
   1.2044646e+03   6.3746994e+02
   1.2716929e+03   6.8025161e+02
   1.3114188e+03   7.4442412e+02
   1.3450329e+03   8.1165247e+02
   1.3419771e+03   8.7276915e+02
   1.3083629e+03   9.4305333e+02
   1.2655812e+03   1.0041700e+03
