   1.2321501e+03   6.4240432e+02
   1.1801348e+03   6.7491388e+02
   1.1129483e+03   7.2259458e+02
   1.0804388e+03   7.8544642e+02
   1.0392600e+03   8.6130208e+02
   1.0240888e+03   9.5666348e+02
   1.0522638e+03   1.0541922e+03
   1.0999445e+03   1.1365498e+03
   1.1432906e+03   1.1755612e+03
   1.2278155e+03   1.2319112e+03
   1.3166750e+03   1.2514169e+03
   1.3881960e+03   1.2492496e+03
   1.4597171e+03   1.1994016e+03
   1.5073978e+03   1.1408844e+03
   1.5377400e+03   1.0736979e+03
   1.5659150e+03   1.0151807e+03
   1.5659150e+03   9.5232887e+02
   1.5529112e+03   8.7864051e+02
   1.5355727e+03   8.0711946e+02
   1.5204016e+03   7.5510415e+02
   1.4770555e+03   7.2259458e+02
   1.4358767e+03   6.7708119e+02
   1.3816941e+03   6.5107353e+02
   1.3145077e+03   6.3806971e+02
