   8.6526700e+02   9.7972334e+02
   7.9803865e+02   9.5222083e+02
   7.6442448e+02   9.2777416e+02
   7.3997781e+02   8.9110415e+02
   7.3386614e+02   8.3304331e+02
   7.3386614e+02   7.7498246e+02
   7.5525698e+02   7.2303329e+02
   7.9498282e+02   6.6191661e+02
   8.3776449e+02   5.8246492e+02
   9.2638368e+02   5.4273908e+02
   1.0027795e+03   5.5190658e+02
   1.0608404e+03   5.7635326e+02
   1.1280687e+03   6.4052577e+02
   1.1586271e+03   6.8636328e+02
   1.1708504e+03   7.3831245e+02
   1.1677946e+03   7.9942913e+02
   1.1525154e+03   8.6054581e+02
   1.0913987e+03   9.1860666e+02
   1.0211145e+03   9.5222083e+02
   9.4166285e+02   9.7055583e+02
