   1.3664238e+03   8.2693164e+02
   1.3053071e+03   8.5443414e+02
   1.2472462e+03   8.9721582e+02
   1.2166879e+03   9.7361167e+02
   1.1952971e+03   1.0194492e+03
   1.1861296e+03   1.0866775e+03
   1.1922412e+03   1.1539059e+03
   1.2380787e+03   1.2180784e+03
   1.2900279e+03   1.2608601e+03
   1.3786471e+03   1.2914184e+03
   1.4642105e+03   1.2547484e+03
   1.5406063e+03   1.2027992e+03
   1.5864438e+03   1.1080684e+03
   1.6047788e+03   1.0225050e+03
   1.6047788e+03   9.4916500e+02
   1.5833880e+03   9.0332749e+02
   1.5406063e+03   8.5748998e+02
   1.4917130e+03   8.3304331e+02
   1.4580988e+03   8.2081997e+02
