   1.2413330e+03   8.5809531e+02
   1.2849043e+03   8.6663869e+02
   1.3079714e+03   8.8457980e+02
   1.3421449e+03   9.0337524e+02
   1.3592317e+03   9.3413141e+02
   1.3763185e+03   9.7684833e+02
   1.3711924e+03   1.0272543e+03
   1.3583774e+03   1.0981644e+03
   1.3224952e+03   1.1314835e+03
   1.2755066e+03   1.1622397e+03
   1.2165572e+03   1.1622397e+03
   1.1729860e+03   1.1417356e+03
   1.1482102e+03   1.1015817e+03
   1.1277060e+03   1.0580105e+03
   1.1089106e+03   1.0033328e+03
   1.1063476e+03   9.4523781e+02
   1.1328321e+03   9.0252090e+02
   1.1823837e+03   8.8116244e+02
