   1.3143671e+03   6.6897373e+02
   1.3655322e+03   6.8496284e+02
   1.4119007e+03   7.1454270e+02
   1.4598680e+03   7.4412256e+02
   1.5134315e+03   8.0248283e+02
   1.5478081e+03   8.9282132e+02
   1.5326185e+03   9.8635764e+02
   1.4886484e+03   1.0407206e+03
   1.4374832e+03   1.0766961e+03
   1.3655322e+03   1.1006798e+03
   1.2759932e+03   1.0846907e+03
   1.2168335e+03   1.0607070e+03
   1.1536765e+03   1.0215337e+03
   1.1033108e+03   9.4718431e+02
   1.1121048e+03   8.4645289e+02
   1.1352890e+03   7.8169698e+02
   1.1784596e+03   7.2893290e+02
   1.2376193e+03   6.9055903e+02
