   1.4336521e+03   1.1172359e+03
   1.3878146e+03   1.1447384e+03
   1.3389213e+03   1.1508500e+03
   1.2716929e+03   1.1416825e+03
   1.2227996e+03   1.1050125e+03
   1.1861296e+03   1.0683425e+03
   1.1708504e+03   1.0225050e+03
   1.1586271e+03   9.8277917e+02
   1.1464037e+03   9.2166249e+02
   1.1464037e+03   8.6360165e+02
   1.1616829e+03   8.0554080e+02
   1.1922412e+03   7.4747996e+02
   1.2227996e+03   6.9858661e+02
   1.2839162e+03   6.5274910e+02
   1.3389213e+03   6.5580494e+02
   1.4030938e+03   6.7719578e+02
   1.4580988e+03   7.0164245e+02
   1.4947688e+03   7.4747996e+02
   1.5161596e+03   8.1470830e+02
   1.5314388e+03   8.9415999e+02
   1.5069921e+03   9.7361167e+02
   1.4825455e+03   1.0591750e+03
