   9.5130989e+02   1.0026962e+03
   9.6279681e+02   1.0106487e+03
   9.9283951e+02   1.0371569e+03
   1.0016756e+03   1.0654324e+03
   1.0025592e+03   1.0954751e+03
   9.9107229e+02   1.1396556e+03
   9.8046899e+02   1.1714655e+03
   9.6279681e+02   1.1970901e+03
   9.3187049e+02   1.2165295e+03
   8.7620313e+02   1.2244820e+03
   8.3202268e+02   1.2129951e+03
   7.9049306e+02   1.1811852e+03
   7.6045036e+02   1.1652802e+03
   7.3924375e+02   1.1361211e+03
   7.3924375e+02   1.1025440e+03
   7.4012735e+02   1.0733849e+03
   7.5161427e+02   1.0353897e+03
   7.7900615e+02   1.0026962e+03
   8.0728163e+02   9.8325678e+02
   8.6294900e+02   9.7618791e+02
   9.2038358e+02   9.8325678e+02
