   1.3188423e+03   6.5757545e+02
   1.3686903e+03   6.6624467e+02
   1.3990325e+03   6.8575041e+02
   1.4423786e+03   7.0308884e+02
   1.4813901e+03   7.3993302e+02
   1.5052305e+03   8.0278485e+02
   1.5269035e+03   8.7864051e+02
   1.5247362e+03   9.6533270e+02
   1.4900593e+03   1.0455230e+03
   1.4423786e+03   1.1192113e+03
   1.4033671e+03   1.1582228e+03
   1.3188423e+03   1.1712266e+03
   1.2516558e+03   1.1538882e+03
   1.2104770e+03   1.1105421e+03
   1.1627963e+03   1.0520249e+03
   1.1302868e+03   9.6533270e+02
   1.1216175e+03   8.8730973e+02
   1.1367887e+03   8.0278485e+02
   1.1692982e+03   7.4643493e+02
   1.2083097e+03   6.9875423e+02
   1.2624923e+03   6.6841197e+02
