   8.6272749e+02   6.8517773e+02
   8.3220616e+02   7.0043839e+02
   7.8947630e+02   7.0654265e+02
   7.4979858e+02   7.4011611e+02
   7.1012085e+02   8.0115877e+02
   6.8570379e+02   8.3473223e+02
   6.7349526e+02   8.9577488e+02
   6.7959953e+02   9.5986967e+02
   6.8875592e+02   1.0148081e+03
   7.0706872e+02   1.0636422e+03
   7.2538152e+02   1.1063720e+03
   7.6505924e+02   1.1613104e+03
   8.0473697e+02   1.1887796e+03
   8.4136256e+02   1.2131967e+03
   8.7798815e+02   1.2315095e+03
   9.2987441e+02   1.2406659e+03
   9.8176066e+02   1.2345616e+03
   1.0458555e+03   1.1918318e+03
   1.0794289e+03   1.1338412e+03
   1.1007938e+03   1.0758507e+03
   1.1160545e+03   1.0025995e+03
   1.1191066e+03   9.2934834e+02
   1.1191066e+03   8.7746209e+02
   1.1068981e+03   8.4694076e+02
   1.0916374e+03   7.8895024e+02
   1.0763768e+03   7.5232464e+02
   1.0428033e+03   7.1569905e+02
   1.0000735e+03   6.8822986e+02
   9.5123934e+02   6.7602133e+02
