   1.3795268e+03   7.5293685e+02
   1.4163710e+03   7.7677720e+02
   1.4662190e+03   7.9845024e+02
   1.5117324e+03   8.5046555e+02
   1.5485765e+03   9.1765200e+02
   1.5377400e+03   1.0195153e+03
   1.5117324e+03   1.0997056e+03
   1.4467132e+03   1.1408844e+03
   1.3773595e+03   1.1733939e+03
   1.2971692e+03   1.1560555e+03
   1.2343174e+03   1.1322151e+03
   1.1866367e+03   1.0801998e+03
   1.1541271e+03   1.0281845e+03
   1.1194502e+03   9.6099809e+02
   1.1172829e+03   8.8947704e+02
   1.1302868e+03   8.2445790e+02
   1.1627963e+03   7.8761372e+02
   1.2083097e+03   7.5510415e+02
   1.2733289e+03   7.3559841e+02
   1.3275115e+03   7.4210033e+02
