   1.2343174e+03   8.2229059e+02
   1.1996405e+03   8.4396364e+02
   1.1541271e+03   8.8297512e+02
   1.1346214e+03   9.4582695e+02
   1.1172829e+03   1.0086788e+03
   1.1432906e+03   1.0910364e+03
   1.1844694e+03   1.1473863e+03
   1.2711616e+03   1.1842305e+03
   1.3578537e+03   1.2080708e+03
   1.4488805e+03   1.1950670e+03
   1.5095651e+03   1.1452190e+03
   1.5507439e+03   1.0606941e+03
   1.5615804e+03   1.0173480e+03
   1.5550785e+03   9.3932504e+02
   1.5247362e+03   8.7430590e+02
   1.4835574e+03   8.2445790e+02
   1.4055344e+03   8.0495216e+02
   1.3231769e+03   8.0711946e+02
   1.2733289e+03   8.0928677e+02
