   1.3755913e+03   1.0805659e+03
   1.3175304e+03   1.1141800e+03
   1.2655812e+03   1.1111242e+03
   1.2166879e+03   1.0958450e+03
   1.1555712e+03   1.0469517e+03
   1.1158454e+03   9.6750000e+02
   1.0852870e+03   9.1249499e+02
   1.0791754e+03   8.5137831e+02
   1.0944545e+03   7.6887079e+02
   1.1250129e+03   7.2608912e+02
   1.1586271e+03   6.8330744e+02
   1.2014087e+03   6.4052577e+02
   1.2625254e+03   6.1302326e+02
   1.3266979e+03   6.0691160e+02
   1.3817029e+03   6.4663744e+02
   1.4244846e+03   6.8941911e+02
   1.4489313e+03   7.4747996e+02
   1.4703221e+03   7.9942913e+02
   1.4794896e+03   8.9415999e+02
   1.4580988e+03   9.4916500e+02
   1.4183729e+03   1.0194492e+03
