   1.3450329e+03   9.6138833e+02
   1.3725354e+03   9.7055583e+02
   1.4061496e+03   9.7972334e+02
   1.4305963e+03   9.7361167e+02
   1.4428196e+03   9.4916500e+02
   1.4580988e+03   9.2166249e+02
   1.4580988e+03   8.9415999e+02
   1.4580988e+03   8.7888082e+02
   1.4397638e+03   8.5443414e+02
   1.4153171e+03   8.3304331e+02
   1.3878146e+03   8.2693164e+02
   1.3572563e+03   8.2693164e+02
   1.3297538e+03   8.3609914e+02
   1.3175304e+03   8.5748998e+02
   1.3053071e+03   8.9415999e+02
   1.3083629e+03   9.2777416e+02
