   1.3766548e+03   7.7793723e+02
   1.3213918e+03   7.9525848e+02
   1.2702528e+03   8.1752866e+02
   1.2438586e+03   8.6784277e+02
   1.2116905e+03   9.1073348e+02
   1.1993182e+03   9.9981420e+02
   1.2092161e+03   1.0476538e+03
   1.2339607e+03   1.0897197e+03
   1.2620046e+03   1.1359097e+03
   1.3007712e+03   1.1606544e+03
   1.3444868e+03   1.1722019e+03
   1.4137718e+03   1.1755012e+03
   1.4690348e+03   1.1598296e+03
   1.5275971e+03   1.1334353e+03
   1.5515170e+03   1.1037417e+03
   1.5803857e+03   1.0451794e+03
   1.5803857e+03   9.6022277e+02
   1.5812105e+03   9.0248527e+02
   1.5498673e+03   8.4639741e+02
   1.5333709e+03   8.2082794e+02
   1.4979036e+03   7.9608330e+02
   1.4789327e+03   7.8041169e+02
   1.4442902e+03   7.7381312e+02
