   1.1922412e+03   1.1600175e+03
   1.2319671e+03   1.1569617e+03
   1.2991954e+03   1.1416825e+03
   1.3450329e+03   1.0866775e+03
   1.3786471e+03   1.0377842e+03
   1.4000379e+03   9.7055583e+02
   1.4000379e+03   9.0943916e+02
   1.3817029e+03   8.6360165e+02
   1.3572563e+03   8.2387581e+02
   1.3266979e+03   7.8109413e+02
   1.2930838e+03   7.5053579e+02
   1.2533579e+03   7.4442412e+02
   1.1800179e+03   7.4136829e+02
   1.1341804e+03   7.4136829e+02
   1.0944545e+03   7.4747996e+02
   1.0669520e+03   7.7192663e+02
   1.0425054e+03   8.0554080e+02
   1.0150029e+03   8.6360165e+02
   9.9972369e+02   9.0332749e+02
   9.9666786e+02   9.6138833e+02
   1.0150029e+03   1.0133375e+03
   1.0363937e+03   1.0652867e+03
   1.0608404e+03   1.0927892e+03
   1.1005662e+03   1.1264034e+03
   1.1372362e+03   1.1386267e+03
