   1.4367079e+03   7.5359162e+02
   1.3969821e+03   7.2303329e+02
   1.3664238e+03   7.0469828e+02
   1.3389213e+03   6.9858661e+02
   1.2778046e+03   7.0164245e+02
   1.2533579e+03   7.0164245e+02
   1.2044646e+03   7.1386578e+02
   1.1739062e+03   7.2608912e+02
   1.1433479e+03   7.5053579e+02
   1.1097337e+03   7.9637330e+02
   1.1036220e+03   8.3609914e+02
   1.0975104e+03   8.7276915e+02
   1.1005662e+03   9.3999749e+02
   1.1066779e+03   1.0041700e+03
   1.1158454e+03   1.0530634e+03
   1.1250129e+03   1.0897334e+03
   1.1586271e+03   1.1233475e+03
   1.2166879e+03   1.1569617e+03
   1.2716929e+03   1.1875200e+03
   1.3389213e+03   1.2027992e+03
   1.3755913e+03   1.2058550e+03
   1.4153171e+03   1.1875200e+03
   1.4550429e+03   1.1508500e+03
   1.5039363e+03   1.0897334e+03
   1.5314388e+03   1.0163933e+03
   1.5467180e+03   9.6138833e+02
   1.5436621e+03   9.2471832e+02
   1.5253271e+03   8.7888082e+02
   1.4886571e+03   8.2387581e+02
