   1.0739376e+03   9.2698156e+02
   1.0621344e+03   9.4468629e+02
   1.0591836e+03   9.7124339e+02
   1.0562328e+03   9.8894811e+02
   1.0798392e+03   1.0627178e+03
   1.0798392e+03   1.0774718e+03
   1.0886915e+03   1.1040289e+03
   1.1093470e+03   1.1305860e+03
   1.1329533e+03   1.1423891e+03
   1.1595104e+03   1.1541923e+03
   1.1801660e+03   1.1600938e+03
   1.2037723e+03   1.1630446e+03
   1.2332801e+03   1.1659954e+03
   1.2657388e+03   1.1659954e+03
   1.2922959e+03   1.1600938e+03
   1.3159022e+03   1.1482907e+03
   1.3424593e+03   1.1364875e+03
   1.3631148e+03   1.1246844e+03
   1.3808196e+03   1.1099304e+03
   1.3955735e+03   1.0863241e+03
   1.4103274e+03   1.0568162e+03
   1.4250814e+03   1.0214068e+03
   1.4309830e+03   9.9780048e+02
   1.4309830e+03   9.8009575e+02
   1.4309830e+03   9.5353866e+02
   1.4339337e+03   9.2107999e+02
   1.4250814e+03   8.9452289e+02
   1.4073766e+03   8.6796580e+02
   1.3808196e+03   8.4435949e+02
   1.3513117e+03   8.2370397e+02
   1.3188530e+03   8.0599924e+02
   1.2834435e+03   7.8829451e+02
   1.2539357e+03   7.8534373e+02
   1.2126246e+03   7.8534373e+02
   1.1713136e+03   7.9124530e+02
   1.1359041e+03   8.0895003e+02
   1.1004947e+03   8.4140870e+02
   1.0827899e+03   8.6796580e+02
