   1.4675991e+03   7.4456345e+02
   1.5111063e+03   7.5969640e+02
   1.5375890e+03   7.8050420e+02
   1.5612342e+03   8.3157789e+02
   1.5706923e+03   8.7413931e+02
   1.5385348e+03   9.4034595e+02
   1.4988108e+03   9.8574479e+02
   1.4467913e+03   1.0093900e+03
   1.3976092e+03   9.9709450e+02
   1.3578853e+03   9.6115375e+02
   1.3039741e+03   9.2994205e+02
   1.2860038e+03   8.8454321e+02
   1.2831663e+03   8.3630694e+02
   1.3030283e+03   7.8807067e+02
   1.3493730e+03   7.4929250e+02
   1.3928802e+03   7.3415955e+02
