   1.2184644e+03   7.9695799e+02
   1.2684514e+03   7.9165633e+02
   1.3131368e+03   8.0301702e+02
   1.3570648e+03   8.1589246e+02
   1.3896321e+03   8.4467287e+02
   1.4123534e+03   8.6739424e+02
   1.4199272e+03   9.3631574e+02
   1.4070518e+03   9.8630276e+02
   1.3881173e+03   1.0362898e+03
   1.3532779e+03   1.0726440e+03
   1.2919302e+03   1.0953653e+03
   1.2464874e+03   1.0968801e+03
   1.1949856e+03   1.1074834e+03
   1.1427265e+03   1.0794604e+03
   1.1147035e+03   1.0559816e+03
   1.0965264e+03   1.0309881e+03
   1.0791066e+03   9.9993558e+02
   1.0715328e+03   9.6585352e+02
   1.0745624e+03   9.1435175e+02
   1.0995559e+03   8.7421065e+02
   1.1419691e+03   8.2573839e+02
