   1.3957227e+03   1.1124771e+03
   1.4229059e+03   1.1034161e+03
   1.4440484e+03   1.0762329e+03
   1.4682112e+03   1.0399886e+03
   1.4833130e+03   1.0067646e+03
   1.4953945e+03   9.6447964e+02
   1.4984148e+03   9.1313357e+02
   1.4802927e+03   8.6480786e+02
   1.4561298e+03   8.2554322e+02
   1.4410280e+03   8.1648215e+02
   1.4168652e+03   8.1044143e+02
   1.3776005e+03   8.0742107e+02
   1.3292748e+03   8.1044143e+02
   1.2809491e+03   8.2252286e+02
   1.2537659e+03   8.4970607e+02
   1.2296030e+03   8.9199107e+02
   1.2054402e+03   9.4937786e+02
   1.1963791e+03   9.7052036e+02
   1.2054402e+03   9.9166286e+02
   1.2235623e+03   1.0097850e+03
   1.2658473e+03   1.0701921e+03
   1.2900102e+03   1.0943550e+03
   1.3202137e+03   1.1124771e+03
   1.3564580e+03   1.1185179e+03
