   8.9007171e+02   7.1838163e+02
   8.2870530e+02   7.2847990e+02
   7.8520506e+02   7.4401570e+02
   7.4015124e+02   7.7819446e+02
   7.1374038e+02   8.1936433e+02
   6.7878483e+02   8.7218605e+02
   6.6557940e+02   9.3355246e+02
   6.7878483e+02   1.0252137e+03
   7.2772260e+02   1.0935712e+03
   7.9297296e+02   1.1557144e+03
   9.0871467e+02   1.1937771e+03
   1.0011527e+03   1.1821253e+03
   1.0656263e+03   1.1122142e+03
   1.1176712e+03   1.0166690e+03
   1.1293230e+03   9.6384727e+02
   1.1122337e+03   8.9548975e+02
   1.0928139e+03   8.5043593e+02
   1.0485369e+03   7.6964977e+02
   9.9726873e+02   7.4090854e+02
   9.5376849e+02   7.2537274e+02
