   1.0846259e+03   8.4366536e+02
   1.0665038e+03   8.5574679e+02
   1.0514020e+03   8.7084857e+02
   1.0453613e+03   8.8897072e+02
   1.0453613e+03   9.1615393e+02
   1.0514020e+03   9.4333714e+02
   1.0725445e+03   9.6750000e+02
   1.0967073e+03   9.7958143e+02
   1.1238905e+03   9.8864250e+02
   1.1450330e+03   9.7958143e+02
   1.1631552e+03   9.4937786e+02
   1.1691959e+03   9.2521500e+02
   1.1752366e+03   8.8897072e+02
   1.1691959e+03   8.6782822e+02
   1.1540941e+03   8.5272643e+02
   1.1329516e+03   8.4064500e+02
