   1.1844694e+03   7.9194833e+02
   1.2429866e+03   7.8327911e+02
   1.3080057e+03   7.8978103e+02
   1.3578537e+03   8.2229059e+02
   1.3860287e+03   8.6997129e+02
   1.4033671e+03   9.2415391e+02
   1.4098691e+03   1.0043442e+03
   1.3968652e+03   1.0823671e+03
   1.3773595e+03   1.1213786e+03
   1.3405153e+03   1.1560555e+03
   1.2863327e+03   1.1777285e+03
   1.2039751e+03   1.1820632e+03
   1.1259522e+03   1.1712266e+03
   1.0587657e+03   1.1473863e+03
   1.0305908e+03   1.1018729e+03
   1.0067504e+03   1.0368537e+03
   1.0002485e+03   9.8700574e+02
   1.0305908e+03   8.8730973e+02
   1.0609330e+03   8.2662520e+02
   1.1237849e+03   7.9628294e+02
