   9.6557162e+02   5.4270831e+02
   1.0089177e+03   5.4704292e+02
   1.0435946e+03   5.6438135e+02
   1.0891080e+03   5.8605440e+02
   1.1281195e+03   6.4240432e+02
   1.1519598e+03   6.6407736e+02
   1.1692982e+03   6.9875423e+02
   1.1801348e+03   7.7027529e+02
   1.1779675e+03   8.3312712e+02
   1.1411233e+03   8.9164434e+02
   1.0934426e+03   9.2415391e+02
   1.0457619e+03   9.5449617e+02
   9.8074275e+02   9.7616922e+02
   9.2439283e+02   9.8917305e+02
   8.6370831e+02   9.9134035e+02
   8.1386030e+02   9.9784226e+02
   7.5751038e+02   9.7833652e+02
   7.0332777e+02   9.0681547e+02
   6.7732011e+02   8.1795599e+02
   6.9249125e+02   7.4210033e+02
   7.2283351e+02   6.6841197e+02
   7.5751038e+02   6.1206205e+02
   8.0519108e+02   5.7521787e+02
   8.7887944e+02   5.5137752e+02
