   1.3704534e+03   7.1708742e+02
   1.4066978e+03   7.1917845e+02
   1.4401542e+03   7.3033058e+02
   1.4708226e+03   7.3869468e+02
   1.5126430e+03   7.7075706e+02
   1.5440084e+03   7.9166731e+02
   1.5621306e+03   8.2512371e+02
   1.5663127e+03   8.7739933e+02
   1.5691007e+03   9.2270487e+02
   1.5635247e+03   9.6731340e+02
   1.5509785e+03   1.0174980e+03
   1.5168251e+03   1.0683796e+03
   1.4847627e+03   1.1081091e+03
   1.4373662e+03   1.1373834e+03
   1.3662713e+03   1.1624757e+03
   1.3014495e+03   1.1513236e+03
   1.2394158e+03   1.1401715e+03
   1.1906252e+03   1.0990480e+03
   1.1592598e+03   1.0579245e+03
   1.1341675e+03   9.9519373e+02
   1.1285915e+03   9.3455401e+02
   1.1327735e+03   8.8436941e+02
   1.1501987e+03   8.3557883e+02
   1.1836551e+03   7.9306133e+02
   1.2296577e+03   7.5402886e+02
   1.2665991e+03   7.3451263e+02
   1.3105106e+03   7.2196648e+02
