   1.6047788e+03   1.0255608e+03
   1.6383930e+03   9.6444417e+02
   1.6628397e+03   9.0027165e+02
   1.6689513e+03   8.1776414e+02
   1.6231138e+03   7.3525662e+02
   1.5711646e+03   6.9247495e+02
   1.4886571e+03   6.6191661e+02
   1.4519871e+03   6.3135827e+02
   1.3908704e+03   6.3135827e+02
   1.3205863e+03   6.4969327e+02
   1.2839162e+03   6.7108411e+02
   1.2503021e+03   6.9553078e+02
   1.2136321e+03   7.4442412e+02
   1.1952971e+03   8.1470830e+02
   1.1983529e+03   8.7582498e+02
   1.2166879e+03   9.3694166e+02
   1.2564137e+03   9.9805834e+02
   1.2991954e+03   1.0469517e+03
   1.3419771e+03   1.0713984e+03
   1.4153171e+03   1.0927892e+03
   1.4733780e+03   1.0927892e+03
   1.5344946e+03   1.0836217e+03
