   9.4049894e+02   6.9253846e+02
   1.0082789e+03   7.0799704e+02
   1.0510873e+03   7.3059036e+02
   1.1236237e+03   7.8766820e+02
   1.1581082e+03   8.9468916e+02
   1.1640538e+03   1.0350055e+03
   1.1343258e+03   1.1372700e+03
   1.0439525e+03   1.2193194e+03
   9.0006880e+02   1.2086173e+03
   8.0256082e+02   1.1527286e+03
   7.4429385e+02   1.0849486e+03
   7.2407878e+02   9.8862978e+02
   7.1337669e+02   8.8160882e+02
   7.3834825e+02   8.1026152e+02
   7.8234575e+02   7.5437279e+02
   8.5488218e+02   7.0918617e+02
