   7.7988976e+02   8.4011213e+02
   8.1258329e+02   8.3127604e+02
   8.7443591e+02   8.3746130e+02
   9.3363771e+02   8.5866792e+02
   9.8753786e+02   8.8164175e+02
   1.0308347e+03   9.3289107e+02
   1.0750151e+03   1.0150667e+03
   1.0918037e+03   1.0963587e+03
   1.0688299e+03   1.1882541e+03
   1.0211150e+03   1.2562919e+03
   9.4159019e+02   1.3411184e+03
   8.6383261e+02   1.3331659e+03
   7.4896344e+02   1.3154937e+03
   7.0566661e+02   1.2925199e+03
   6.6325338e+02   1.2474558e+03
   6.2879263e+02   1.1838360e+03
   6.0493519e+02   1.0901735e+03
   6.0140075e+02   9.8414039e+02
   6.4204676e+02   9.2405498e+02
   6.7650751e+02   8.8164175e+02
   7.2952405e+02   8.5248266e+02
