   1.5069325e+03   6.8430608e+02
   1.4476594e+03   6.9967319e+02
   1.3796050e+03   7.2601681e+02
   1.2983789e+03   8.2041479e+02
   1.2742305e+03   9.0383625e+02
   1.2588634e+03   9.9164832e+02
   1.2917930e+03   1.0926322e+03
   1.3466755e+03   1.1628819e+03
   1.4652218e+03   1.2067879e+03
   1.5859634e+03   1.1826396e+03
   1.6606036e+03   1.1058040e+03
   1.7110956e+03   1.0201872e+03
   1.7440251e+03   8.8627384e+02
   1.7176815e+03   8.0724298e+02
   1.6627989e+03   7.4357923e+02
   1.5903540e+03   7.0406380e+02
