   1.2808604e+03   7.6581496e+02
   1.2533579e+03   7.7803830e+02
   1.2289112e+03   7.9026163e+02
   1.2136321e+03   8.0554080e+02
   1.1952971e+03   8.3304331e+02
   1.1800179e+03   8.5443414e+02
   1.1586271e+03   8.8499248e+02
   1.1555712e+03   9.0638332e+02
   1.1555712e+03   9.2777416e+02
   1.1555712e+03   9.5222083e+02
   1.1616829e+03   9.8277917e+02
   1.1830737e+03   1.0072258e+03
   1.2136321e+03   1.0286167e+03
   1.2533579e+03   1.0377842e+03
   1.2900279e+03   1.0408400e+03
   1.3205863e+03   1.0255608e+03
   1.3419771e+03   1.0072258e+03
   1.3633679e+03   9.6444417e+02
   1.3755913e+03   9.1860666e+02
   1.3755913e+03   8.7888082e+02
   1.3755913e+03   8.4832248e+02
   1.3664238e+03   8.2693164e+02
   1.3236421e+03   7.7498246e+02
