   1.3603121e+03   9.4916500e+02
   1.3725354e+03   9.2471832e+02
   1.3847588e+03   8.9415999e+02
   1.3878146e+03   8.6665748e+02
   1.3847588e+03   8.4526664e+02
   1.3755913e+03   8.2081997e+02
   1.3664238e+03   7.9942913e+02
   1.3511446e+03   7.7498246e+02
   1.3328096e+03   7.5970329e+02
   1.3175304e+03   7.5053579e+02
   1.3053071e+03   7.4442412e+02
   1.2900279e+03   7.3831245e+02
   1.2747487e+03   7.3220079e+02
   1.2441904e+03   7.2914495e+02
   1.2105762e+03   7.3220079e+02
   1.1800179e+03   7.3525662e+02
   1.1525154e+03   7.4136829e+02
   1.1341804e+03   7.5053579e+02
   1.1158454e+03   7.6581496e+02
   1.1066779e+03   7.7803830e+02
   1.1005662e+03   7.9942913e+02
   1.0975104e+03   8.3609914e+02
   1.1036220e+03   8.8193665e+02
   1.1127895e+03   9.1555082e+02
   1.1311246e+03   9.4305333e+02
   1.1494596e+03   9.6138833e+02
   1.1739062e+03   9.7666750e+02
   1.2044646e+03   9.8889084e+02
   1.2411346e+03   9.9805834e+02
   1.2686371e+03   9.9805834e+02
   1.3022513e+03   9.9805834e+02
   1.3358654e+03   9.8583500e+02
