   1.2888201e+03   7.1092411e+02
   1.3562342e+03   7.1092411e+02
   1.4135865e+03   7.4714659e+02
   1.4608769e+03   7.8940615e+02
   1.5111859e+03   8.4172751e+02
   1.5323157e+03   9.2322808e+02
   1.5323157e+03   9.8359888e+02
   1.4910623e+03   1.1033343e+03
   1.4276730e+03   1.1798040e+03
   1.3300735e+03   1.2019399e+03
   1.2485730e+03   1.1798040e+03
   1.1700909e+03   1.1244641e+03
   1.1338684e+03   1.0741551e+03
   1.1137448e+03   9.9164832e+02
   1.1016707e+03   9.3530224e+02
   1.1067016e+03   8.9606122e+02
   1.1097201e+03   8.2361627e+02
   1.1509735e+03   7.6525783e+02
   1.2163752e+03   7.3306007e+02
