   1.4947688e+03   1.1539059e+03
   1.5283830e+03   1.1080684e+03
   1.5528296e+03   1.0561192e+03
   1.5681088e+03   9.9500251e+02
   1.5589413e+03   9.3694166e+02
   1.5589413e+03   8.8804832e+02
   1.5497738e+03   8.6054581e+02
   1.5192155e+03   8.2387581e+02
   1.4856013e+03   7.8414996e+02
   1.4580988e+03   7.3831245e+02
   1.4092054e+03   7.0469828e+02
   1.3633679e+03   6.8025161e+02
   1.2991954e+03   6.7108411e+02
   1.1891854e+03   6.7719578e+02
   1.1311246e+03   7.0469828e+02
   1.0883429e+03   7.3525662e+02
   1.0455612e+03   8.0554080e+02
   1.0180587e+03   8.5748998e+02
   1.0058354e+03   9.0332749e+02
   1.0241704e+03   9.3999749e+02
   1.0180587e+03   1.0163933e+03
   1.0333379e+03   1.0805659e+03
   1.0608404e+03   1.1325150e+03
   1.1036220e+03   1.1997434e+03
   1.1494596e+03   1.2455809e+03
   1.2075204e+03   1.2700276e+03
   1.2747487e+03   1.2822509e+03
   1.3450329e+03   1.2486367e+03
   1.3847588e+03   1.2027992e+03
   1.4367079e+03   1.2058550e+03
