   1.3358654e+03   8.4832248e+02
   1.3297538e+03   7.9637330e+02
   1.2503021e+03   7.3220079e+02
   1.2044646e+03   7.2608912e+02
   1.1464037e+03   7.2608912e+02
   1.0883429e+03   7.4747996e+02
   1.0394495e+03   7.9331747e+02
   1.0150029e+03   8.3915497e+02
   1.0088912e+03   8.8499248e+02
   1.0150029e+03   9.3388583e+02
   1.0333379e+03   9.7972334e+02
   1.0638962e+03   1.0286167e+03
   1.0913987e+03   1.0622309e+03
   1.1433479e+03   1.0713984e+03
   1.1861296e+03   1.0683425e+03
   1.2227996e+03   1.0408400e+03
   1.2564137e+03   1.0255608e+03
   1.3022513e+03   9.7972334e+02
   1.3389213e+03   9.1555082e+02
