   1.0180587e+03   9.2166249e+02
   1.0027795e+03   9.9194667e+02
   1.0150029e+03   1.0652867e+03
   1.0516729e+03   1.1080684e+03
   1.1097337e+03   1.1508500e+03
   1.1800179e+03   1.1814084e+03
   1.2655812e+03   1.1875200e+03
   1.3236421e+03   1.1661292e+03
   1.3755913e+03   1.1294592e+03
   1.4061496e+03   1.0652867e+03
   1.4061496e+03   9.7666750e+02
   1.3939263e+03   9.1249499e+02
   1.3725354e+03   8.6971331e+02
   1.3328096e+03   8.3304331e+02
   1.2747487e+03   8.0248497e+02
   1.2197437e+03   7.9942913e+02
   1.1616829e+03   8.0554080e+02
   1.1127895e+03   8.1470830e+02
   1.0700079e+03   8.5443414e+02
