   1.2343174e+03   6.4890623e+02
   1.2754962e+03   6.3590240e+02
   1.3448499e+03   6.4457162e+02
   1.3990325e+03   6.5107353e+02
   1.4597171e+03   6.7057928e+02
   1.5334054e+03   7.1392537e+02
   1.5724169e+03   7.8544642e+02
   1.6005919e+03   8.6997129e+02
   1.5984246e+03   9.5449617e+02
   1.5962572e+03   1.0216826e+03
   1.5724169e+03   1.0736979e+03
   1.5312381e+03   1.1387171e+03
   1.4922266e+03   1.1928997e+03
   1.4098691e+03   1.2340785e+03
   1.3491845e+03   1.2557515e+03
   1.2516558e+03   1.2275765e+03
   1.2083097e+03   1.2015689e+03
   1.1476252e+03   1.1300478e+03
   1.1042791e+03   1.0541922e+03
   1.0739368e+03   9.8700574e+02
   1.0782715e+03   8.8514243e+02
   1.0956099e+03   8.0928677e+02
   1.1259522e+03   7.5076954e+02
   1.1758002e+03   6.7924849e+02
