   1.2341763e+03   7.6337353e+02
   1.2973443e+03   7.6423884e+02
   1.3423407e+03   7.6423884e+02
   1.4081046e+03   7.9365955e+02
   1.4548316e+03   8.5509689e+02
   1.5067505e+03   9.3903243e+02
   1.5171343e+03   1.0402743e+03
   1.4868483e+03   1.1345936e+03
   1.3994515e+03   1.2098759e+03
   1.3241691e+03   1.2202597e+03
   1.2281191e+03   1.2020881e+03
   1.1666818e+03   1.1570917e+03
   1.1087057e+03   1.1103647e+03
   1.0810156e+03   1.0506580e+03
   1.0663053e+03   9.9008600e+02
   1.0836116e+03   8.8970948e+02
   1.1113016e+03   8.4298249e+02
   1.1675471e+03   7.8241045e+02
