   1.3080057e+03   9.1548469e+02
   1.2754962e+03   9.2848852e+02
   1.2603250e+03   9.5666348e+02
   1.2343174e+03   9.8267113e+02
   1.2234809e+03   1.0086788e+03
   1.2213136e+03   1.0195153e+03
   1.2126443e+03   1.0455230e+03
   1.2256482e+03   1.0780325e+03
   1.2343174e+03   1.0953710e+03
   1.2494885e+03   1.1192113e+03
   1.2754962e+03   1.1538882e+03
   1.2993365e+03   1.1820632e+03
   1.3210096e+03   1.2210746e+03
   1.3535191e+03   1.2340785e+03
   1.3925306e+03   1.2319112e+03
   1.4293748e+03   1.2145727e+03
   1.4553825e+03   1.1885651e+03
   1.4683863e+03   1.1647247e+03
   1.4618844e+03   1.1192113e+03
   1.4597171e+03   1.0585268e+03
   1.4488805e+03   1.0000096e+03
   1.4077018e+03   9.4799426e+02
   1.3665230e+03   9.1331739e+02
