   1.3847588e+03   1.1508500e+03
   1.3908704e+03   1.0958450e+03
   1.3939263e+03   1.0102817e+03
   1.3633679e+03   9.3999749e+02
   1.3328096e+03   8.8804832e+02
   1.3053071e+03   8.4221081e+02
   1.2380787e+03   8.2387581e+02
   1.1372362e+03   8.1470830e+02
   1.0791754e+03   8.7582498e+02
   1.0486170e+03   8.7888082e+02
   1.0302820e+03   8.9721582e+02
   9.9666786e+02   9.3388583e+02
   9.5083035e+02   9.9500251e+02
   9.4777452e+02   1.0530634e+03
   9.5083035e+02   1.0805659e+03
   9.7527702e+02   1.1477942e+03
   1.0088912e+03   1.2027992e+03
   1.0608404e+03   1.2578042e+03
   1.1341804e+03   1.2822509e+03
   1.2319671e+03   1.2822509e+03
   1.3022513e+03   1.2425251e+03
   1.3511446e+03   1.1997434e+03
