   1.6964538e+03   1.2364134e+03
   1.7147888e+03   1.1875200e+03
   1.7178447e+03   1.1141800e+03
   1.7147888e+03   1.0408400e+03
   1.6872863e+03   9.7666750e+02
   1.6292255e+03   9.3388583e+02
   1.5528296e+03   8.9721582e+02
   1.4764338e+03   8.9415999e+02
   1.3786471e+03   9.2166249e+02
   1.3205863e+03   9.7055583e+02
   1.2686371e+03   1.0163933e+03
   1.2289112e+03   1.1111242e+03
   1.2258554e+03   1.1844642e+03
   1.2564137e+03   1.2303017e+03
   1.2839162e+03   1.2578042e+03
   1.3175304e+03   1.2944742e+03
   1.3664238e+03   1.3494792e+03
   1.4489313e+03   1.3678142e+03
   1.5069921e+03   1.3678142e+03
   1.5742205e+03   1.3494792e+03
   1.6353372e+03   1.3128092e+03
   1.6720072e+03   1.2853067e+03
