   6.6052613e+02   9.4916500e+02
   6.8497280e+02   9.6138833e+02
   7.2164281e+02   9.6750000e+02
   7.5831281e+02   9.4305333e+02
   7.9498282e+02   9.2471832e+02
   8.4387616e+02   8.9110415e+02
   8.7443450e+02   8.6054581e+02
   8.8665784e+02   8.1776414e+02
   8.9582534e+02   7.4747996e+02
   9.1721618e+02   6.8636328e+02
   9.1110451e+02   6.4358160e+02
   8.7137867e+02   5.9774409e+02
   8.3165283e+02   5.5190658e+02
   7.8275948e+02   5.2134825e+02
   7.5220114e+02   4.9995741e+02
   6.6358196e+02   4.9384574e+02
   6.6358196e+02   4.9384574e+02
   6.1468862e+02   5.0301324e+02
   5.4746027e+02   5.2745991e+02
   5.0773443e+02   5.5496242e+02
   4.6189692e+02   5.8857659e+02
   4.3439442e+02   6.2830243e+02
   4.0689191e+02   6.7413994e+02
   3.9161274e+02   7.1692162e+02
   3.8244524e+02   7.9331747e+02
   3.9772441e+02   8.2081997e+02
   4.3439442e+02   8.5443414e+02
   4.8023192e+02   8.6360165e+02
   5.1995777e+02   9.1249499e+02
   5.6579527e+02   9.3694166e+02
   5.9329778e+02   9.5222083e+02
