   1.1708504e+03   8.0248497e+02
   1.1311246e+03   8.2081997e+02
   1.1066779e+03   8.4832248e+02
   1.0913987e+03   8.7888082e+02
   1.0791754e+03   9.0943916e+02
   1.0791754e+03   9.3082999e+02
   1.0852870e+03   9.4916500e+02
   1.1005662e+03   9.6138833e+02
   1.1372362e+03   9.6750000e+02
   1.1708504e+03   9.7361167e+02
   1.2166879e+03   9.6444417e+02
   1.2564137e+03   9.2471832e+02
   1.2747487e+03   8.9110415e+02
   1.2930838e+03   8.5137831e+02
   1.2930838e+03   8.2998747e+02
   1.2747487e+03   8.2081997e+02
   1.2533579e+03   8.0248497e+02
   1.2197437e+03   7.9331747e+02
