   1.0088912e+03   7.0469828e+02
   9.7833286e+02   7.3220079e+02
   9.5388618e+02   7.5359162e+02
   9.3860701e+02   7.7498246e+02
   9.2638368e+02   7.9331747e+02
   9.1721618e+02   8.2081997e+02
   9.1721618e+02   8.4221081e+02
   9.1721618e+02   8.6360165e+02
   9.1721618e+02   8.8804832e+02
   9.2332784e+02   9.1249499e+02
   9.2638368e+02   9.3388583e+02
   9.2943951e+02   9.4916500e+02
   9.4471868e+02   9.6750000e+02
   9.5999785e+02   9.9500251e+02
   9.7833286e+02   1.0163933e+03
   1.0058354e+03   1.0438958e+03
   1.0302820e+03   1.0591750e+03
   1.0516729e+03   1.0713984e+03
   1.0761195e+03   1.0805659e+03
   1.1127895e+03   1.0836217e+03
   1.1525154e+03   1.0836217e+03
   1.2136321e+03   1.0805659e+03
   1.2594696e+03   1.0744542e+03
   1.2961396e+03   1.0469517e+03
   1.3205863e+03   1.0102817e+03
   1.3358654e+03   9.8889084e+02
   1.3572563e+03   9.6444417e+02
   1.3755913e+03   9.2166249e+02
   1.3817029e+03   8.7582498e+02
   1.3817029e+03   8.3915497e+02
   1.3725354e+03   7.9942913e+02
   1.3603121e+03   7.7498246e+02
   1.3389213e+03   7.5053579e+02
   1.3175304e+03   7.3220079e+02
   1.3022513e+03   7.1386578e+02
   1.2839162e+03   6.9553078e+02
   1.2625254e+03   6.8025161e+02
   1.2350229e+03   6.6191661e+02
   1.2105762e+03   6.5580494e+02
   1.1677946e+03   6.4969327e+02
   1.1372362e+03   6.5274910e+02
   1.0913987e+03   6.5580494e+02
   1.0700079e+03   6.7108411e+02
   1.0455612e+03   6.8330744e+02
