   1.1963791e+03   7.4097322e+02
   1.1691959e+03   7.5909536e+02
   1.1359720e+03   7.7721750e+02
   1.1087888e+03   7.9836000e+02
   1.0816055e+03   8.1346179e+02
   1.0634834e+03   8.3762464e+02
   1.0574427e+03   8.7386893e+02
   1.0665038e+03   9.2521500e+02
   1.0785852e+03   9.8562214e+02
   1.1148295e+03   1.0460293e+03
   1.1540941e+03   1.0883143e+03
   1.2024198e+03   1.1275789e+03
   1.2537659e+03   1.1457011e+03
   1.2930305e+03   1.1487214e+03
   1.3624987e+03   1.1336196e+03
   1.3987430e+03   1.1185179e+03
   1.4289466e+03   1.0943550e+03
   1.4591502e+03   1.0581107e+03
   1.4802927e+03   1.0067646e+03
   1.4923741e+03   9.5843893e+02
   1.4984148e+03   9.1917429e+02
   1.4863334e+03   8.7688929e+02
   1.4742520e+03   8.4064500e+02
   1.4531095e+03   8.1648215e+02
   1.4319670e+03   7.9231929e+02
   1.3987430e+03   7.6513607e+02
   1.3624987e+03   7.3795286e+02
   1.3232341e+03   7.2889179e+02
   1.2930305e+03   7.2285108e+02
   1.2567863e+03   7.1983072e+02
