   2.1089914e+03   8.5137831e+02
   2.0845447e+03   9.0332749e+02
   2.0448189e+03   9.6138833e+02
   1.9898139e+03   1.0133375e+03
   1.9073064e+03   1.0316725e+03
   1.8247989e+03   1.0347283e+03
   1.7697938e+03   1.0041700e+03
   1.7178447e+03   9.5222083e+02
   1.6995097e+03   8.8804832e+02
   1.6781188e+03   8.2998747e+02
   1.6750630e+03   7.7192663e+02
   1.6781188e+03   7.1080995e+02
   1.6995097e+03   6.6497244e+02
   1.7239563e+03   6.1913493e+02
   1.7545147e+03   5.7940909e+02
   1.8003522e+03   5.5496242e+02
   1.8523014e+03   5.2440408e+02
   1.8798039e+03   5.1218074e+02
   1.9042505e+03   5.1218074e+02
   1.9378647e+03   5.1523658e+02
   1.9928697e+03   5.3968325e+02
   2.0539864e+03   5.8552076e+02
   2.0876006e+03   6.2219077e+02
   2.1120472e+03   6.7108411e+02
   2.1181589e+03   7.5053579e+02
