   1.1315368e+03   7.7670045e+02
   1.0876755e+03   7.8208693e+02
   1.0653601e+03   8.0824980e+02
   1.0468922e+03   8.3441267e+02
   1.0230378e+03   8.7211798e+02
   1.0061089e+03   9.0520632e+02
   9.8302404e+02   9.5907105e+02
   9.6147815e+02   1.0137053e+03
   9.6378663e+02   1.0544886e+03
   9.7379008e+02   1.1029668e+03
   9.9456648e+02   1.1622181e+03
   1.0384278e+03   1.2153133e+03
   1.0984485e+03   1.2607136e+03
   1.1677031e+03   1.2730255e+03
   1.2538867e+03   1.2522491e+03
   1.3123684e+03   1.2168523e+03
   1.3716196e+03   1.1683740e+03
   1.4077859e+03   1.1068143e+03
   1.4116334e+03   1.0537191e+03
   1.4216369e+03   9.9523737e+02
   1.4154809e+03   9.2598272e+02
   1.3916265e+03   8.5826705e+02
   1.3416093e+03   8.2671771e+02
   1.2869750e+03   7.9209038e+02
   1.2115644e+03   7.6900549e+02
