   1.1476252e+03   6.1422936e+02
   1.0869407e+03   6.3806971e+02
   1.0392600e+03   6.7924849e+02
   1.0002485e+03   7.2692919e+02
   9.6990623e+02   7.9628294e+02
   9.7424084e+02   8.6130208e+02
   9.8724467e+02   9.4799426e+02
   1.0219215e+03   1.0043442e+03
   1.0674349e+03   1.0520249e+03
   1.1129483e+03   1.0867018e+03
   1.1758002e+03   1.1105421e+03
   1.2646596e+03   1.0758652e+03
   1.3036711e+03   1.0411884e+03
   1.3448499e+03   9.7616922e+02
   1.3773595e+03   9.0681547e+02
   1.3730249e+03   8.3962903e+02
   1.3621884e+03   7.6377337e+02
   1.3015038e+03   6.9225232e+02
   1.2603250e+03   6.6191006e+02
   1.2234809e+03   6.3156779e+02
