   1.2963004e+03   8.6131501e+02
   1.2617059e+03   8.6912668e+02
   1.2226475e+03   8.8586595e+02
   1.1947487e+03   9.1153285e+02
   1.1635021e+03   9.4166355e+02
   1.1344873e+03   9.8183781e+02
   1.1132843e+03   1.0153164e+03
   1.1010088e+03   1.0532587e+03
   1.0965450e+03   1.1001287e+03
   1.0943131e+03   1.1469987e+03
   1.0943131e+03   1.1793613e+03
   1.1110524e+03   1.2161877e+03
   1.1344873e+03   1.2530141e+03
   1.1601542e+03   1.2786810e+03
   1.1936328e+03   1.3032319e+03
   1.2315752e+03   1.3233191e+03
   1.2840249e+03   1.3322467e+03
   1.3498661e+03   1.3344786e+03
   1.4067796e+03   1.3322467e+03
   1.4525336e+03   1.3132755e+03
   1.4971717e+03   1.2753331e+03
   1.5261864e+03   1.2150717e+03
   1.5485055e+03   1.1693177e+03
   1.5652448e+03   1.1079404e+03
   1.5552012e+03   1.0543747e+03
   1.5552012e+03   1.0543747e+03
   1.5406938e+03   1.0097366e+03
   1.5105631e+03   9.6175068e+02
   1.4748527e+03   9.2938807e+02
   1.4357943e+03   8.9479357e+02
   1.3833446e+03   8.6801072e+02
