   1.2869721e+03   8.3304331e+02
   1.2319671e+03   8.6360165e+02
   1.1952971e+03   9.2471832e+02
   1.1830737e+03   9.9194667e+02
   1.1861296e+03   1.0744542e+03
   1.2319671e+03   1.1569617e+03
   1.3022513e+03   1.2241901e+03
   1.3847588e+03   1.2639159e+03
   1.4642105e+03   1.2700276e+03
   1.5436621e+03   1.2150225e+03
   1.5956113e+03   1.1355709e+03
   1.6170021e+03   1.0530634e+03
   1.6139463e+03   9.5833250e+02
   1.5986671e+03   8.9415999e+02
   1.5528296e+03   8.4221081e+02
   1.4978246e+03   8.0248497e+02
   1.4244846e+03   7.8720580e+02
   1.3694796e+03   7.9026163e+02
