   1.4315421e+03   5.3403909e+02
   1.4683863e+03   5.3187178e+02
   1.5269035e+03   5.5137752e+02
   1.5767515e+03   5.6438135e+02
   1.6374360e+03   5.9905822e+02
   1.6786148e+03   6.7491388e+02
   1.6851167e+03   7.8544642e+02
   1.6742802e+03   8.5696747e+02
   1.6331014e+03   9.3499043e+02
   1.5854207e+03   9.8917305e+02
   1.5204016e+03   1.0303518e+03
   1.4467132e+03   1.0520249e+03
   1.3621884e+03   1.0281845e+03
   1.3058384e+03   9.7183461e+02
   1.2603250e+03   9.0898278e+02
   1.2516558e+03   8.5046555e+02
   1.2386520e+03   7.8978103e+02
   1.2386520e+03   7.3559841e+02
   1.2451539e+03   6.7057928e+02
   1.3036711e+03   6.0772744e+02
   1.3600211e+03   5.7088327e+02
