   1.2319671e+03   7.2914495e+02
   1.1586271e+03   7.8414996e+02
   1.1066779e+03   8.5443414e+02
   1.0791754e+03   9.2777416e+02
   1.0913987e+03   1.0408400e+03
   1.1250129e+03   1.1202917e+03
   1.1922412e+03   1.1722409e+03
   1.2839162e+03   1.2119667e+03
   1.3939263e+03   1.2119667e+03
   1.5100480e+03   1.1539059e+03
   1.5619971e+03   1.0744542e+03
   1.5986671e+03   9.5222083e+02
   1.5894996e+03   8.7582498e+02
   1.5436621e+03   7.9331747e+02
   1.4794896e+03   7.5359162e+02
   1.4153171e+03   7.1386578e+02
   1.3389213e+03   6.9553078e+02
