   1.0975104e+03   8.0859664e+02
   1.0486170e+03   8.6054581e+02
   1.0088912e+03   9.6138833e+02
   9.9361203e+02   1.0316725e+03
   1.0088912e+03   1.1080684e+03
   1.0547287e+03   1.1936317e+03
   1.1189012e+03   1.2455809e+03
   1.2441904e+03   1.2578042e+03
   1.3572563e+03   1.1966875e+03
   1.4214288e+03   1.0989009e+03
   1.4458754e+03   1.0194492e+03
   1.4428196e+03   9.2166249e+02
   1.4030938e+03   8.4832248e+02
   1.3358654e+03   8.0248497e+02
   1.2747487e+03   7.7498246e+02
   1.1891854e+03   7.7192663e+02
