   1.3556864e+03   7.8761372e+02
   1.3925306e+03   7.8978103e+02
   1.4228729e+03   8.1145407e+02
   1.4423786e+03   8.4179634e+02
   1.4488805e+03   8.8514243e+02
   1.4293748e+03   9.2632121e+02
   1.4098691e+03   9.6316539e+02
   1.3795268e+03   9.8267113e+02
   1.3491845e+03   9.8917305e+02
   1.3145077e+03   9.7833652e+02
   1.2950019e+03   9.5666348e+02
   1.2798308e+03   9.2848852e+02
   1.2559904e+03   8.8730973e+02
   1.2451539e+03   8.5263286e+02
   1.2624923e+03   8.1578868e+02
   1.3080057e+03   7.9628294e+02
