   1.1814795e+03   8.5019613e+02
   1.2084313e+03   8.3222825e+02
   1.2503564e+03   8.2923360e+02
   1.2892868e+03   8.4570416e+02
   1.3132440e+03   8.5918007e+02
   1.3192333e+03   8.8613190e+02
   1.3132440e+03   9.2057035e+02
   1.2997681e+03   9.5351147e+02
   1.2758109e+03   9.7746865e+02
   1.2443671e+03   9.7896597e+02
   1.1754902e+03   9.6998203e+02
   1.1470411e+03   9.6399273e+02
   1.1275758e+03   9.4003555e+02
   1.1230839e+03   9.2356499e+02
   1.1275758e+03   9.0260246e+02
   1.1320678e+03   8.8912655e+02
   1.1485384e+03   8.7115866e+02
