   1.4305963e+03   1.1264034e+03
   1.4550429e+03   1.0530634e+03
   1.4550429e+03   9.7972334e+02
   1.4214288e+03   9.0943916e+02
   1.3694796e+03   8.2693164e+02
   1.3114188e+03   7.8720580e+02
   1.2380787e+03   7.6581496e+02
   1.1647387e+03   7.8720580e+02
   1.0852870e+03   8.2081997e+02
   1.0333379e+03   8.7888082e+02
   1.0241704e+03   9.5222083e+02
   1.0302820e+03   1.0377842e+03
   1.0791754e+03   1.1325150e+03
   1.1372362e+03   1.2027992e+03
   1.2350229e+03   1.2394692e+03
   1.3144746e+03   1.2394692e+03
   1.3725354e+03   1.2089109e+03
