   1.3521744e+03   9.1568020e+02
   1.3237682e+03   9.2873171e+02
   1.3130199e+03   9.4101549e+02
   1.2953619e+03   9.6788625e+02
   1.2892201e+03   1.0039698e+03
   1.2999684e+03   1.0346793e+03
   1.3276069e+03   1.0623178e+03
   1.3506389e+03   1.0784402e+03
   1.3736710e+03   1.0876531e+03
   1.3982386e+03   1.0845821e+03
   1.4220384e+03   1.0653887e+03
   1.4335544e+03   1.0400534e+03
   1.4335544e+03   1.0070408e+03
   1.4281803e+03   9.7633135e+02
   1.4158965e+03   9.5253153e+02
   1.3959354e+03   9.3257039e+02
   1.3851871e+03   9.1951888e+02
