   1.5222713e+03   9.4916500e+02
   1.5467180e+03   8.5137831e+02
   1.5192155e+03   7.2914495e+02
   1.4611546e+03   6.3135827e+02
   1.3755913e+03   5.9163243e+02
   1.2900279e+03   5.9163243e+02
   1.2105762e+03   6.3135827e+02
   1.1494596e+03   6.9858661e+02
   1.1066779e+03   7.5664746e+02
   1.0883429e+03   8.4526664e+02
   1.0944545e+03   9.6138833e+02
   1.1280687e+03   1.0347283e+03
   1.2044646e+03   1.0927892e+03
   1.2991954e+03   1.1172359e+03
   1.4092054e+03   1.1019567e+03
   1.4825455e+03   1.0500075e+03
