   1.0544311e+03   7.0525615e+02
   9.8291006e+02   7.4210033e+02
   9.3089475e+02   7.9845024e+02
   8.9838518e+02   8.3529442e+02
   8.7887944e+02   9.2848852e+02
   8.9838518e+02   1.0108461e+03
   9.3739666e+02   1.0736979e+03
   9.9808119e+02   1.1213786e+03
   1.0739368e+03   1.1538882e+03
   1.1411233e+03   1.1625574e+03
   1.2213136e+03   1.1625574e+03
   1.2689943e+03   1.1235459e+03
   1.3210096e+03   1.0671960e+03
   1.3513518e+03   1.0195153e+03
   1.3665230e+03   9.4582695e+02
   1.3686903e+03   8.4179634e+02
   1.3470172e+03   7.7894450e+02
   1.2885000e+03   7.3126380e+02
   1.2191463e+03   7.0959076e+02
   1.1411233e+03   6.9225232e+02
