   1.1677946e+03   7.2303329e+02
   1.1036220e+03   7.5664746e+02
   1.0455612e+03   8.3304331e+02
   1.0150029e+03   9.2166249e+02
   1.0150029e+03   1.0011142e+03
   1.0455612e+03   1.1080684e+03
   1.1005662e+03   1.2027992e+03
   1.1800179e+03   1.2272459e+03
   1.2778046e+03   1.2578042e+03
   1.3603121e+03   1.2425251e+03
   1.4336521e+03   1.1386267e+03
   1.4672663e+03   1.0377842e+03
   1.4703221e+03   9.4305333e+02
   1.4458754e+03   8.7276915e+02
   1.4214288e+03   8.2998747e+02
   1.3847588e+03   7.7803830e+02
   1.3328096e+03   7.3220079e+02
   1.2747487e+03   7.1386578e+02
