   1.5006121e+03   6.9615061e+02
   1.4813090e+03   6.7097268e+02
   1.4385066e+03   6.5250887e+02
   1.4082931e+03   6.4159843e+02
   1.3411519e+03   6.3824137e+02
   1.2756893e+03   6.4579475e+02
   1.2211371e+03   6.7097268e+02
   1.1724598e+03   7.0202546e+02
   1.1464426e+03   7.3223897e+02
   1.1187469e+03   7.7252365e+02
   1.1011223e+03   8.0273717e+02
   1.0860156e+03   8.5309302e+02
   1.0902119e+03   9.1603784e+02
   1.1011223e+03   9.7310781e+02
   1.1338536e+03   1.0083569e+03
   1.1707813e+03   1.0394097e+03
   1.2345654e+03   1.0763373e+03
   1.2991887e+03   1.0956404e+03
   1.3847937e+03   1.0922833e+03
   1.4326317e+03   1.0704625e+03
   1.4829876e+03   1.0343741e+03
   1.5207545e+03   9.8989310e+02
   1.5459324e+03   9.1771637e+02
   1.5450931e+03   8.6400346e+02
   1.5408968e+03   8.1532613e+02
   1.5367005e+03   7.5657763e+02
   1.5215937e+03   7.2972118e+02
