   1.4003701e+03   7.6204654e+02
   1.4236009e+03   7.8361796e+02
   1.4377052e+03   8.2676080e+02
   1.4460019e+03   8.8317837e+02
   1.4451723e+03   9.1470583e+02
   1.4252602e+03   9.4540363e+02
   1.3721613e+03   9.7029373e+02
   1.3339965e+03   9.9103548e+02
   1.2908536e+03   9.9269482e+02
   1.2477108e+03   9.8190911e+02
   1.2236504e+03   9.6282670e+02
   1.1979306e+03   9.3627725e+02
   1.1912932e+03   9.1470583e+02
   1.1763592e+03   8.8151903e+02
   1.1730405e+03   8.5662893e+02
   1.1763592e+03   8.2178278e+02
   1.1763592e+03   7.9772235e+02
   1.1821669e+03   7.7946961e+02
   1.2004196e+03   7.6453555e+02
   1.2236504e+03   7.4794215e+02
   1.2560075e+03   7.3383776e+02
   1.2925130e+03   7.3632677e+02
   1.3273591e+03   7.3134875e+02
   1.3646943e+03   7.3632677e+02
