   1.4733780e+03   8.5443414e+02
   1.4061496e+03   8.8804832e+02
   1.3480888e+03   9.0943916e+02
   1.3083629e+03   9.5833250e+02
   1.2778046e+03   1.0438958e+03
   1.2655812e+03   1.1111242e+03
   1.2839162e+03   1.1814084e+03
   1.3266979e+03   1.2486367e+03
   1.3878146e+03   1.2883626e+03
   1.4978246e+03   1.3005859e+03
   1.5833880e+03   1.2730834e+03
   1.6536722e+03   1.2027992e+03
   1.6995097e+03   1.1172359e+03
   1.6933980e+03   1.0133375e+03
   1.6414488e+03   9.3694166e+02
   1.5925555e+03   8.8193665e+02
   1.5528296e+03   8.6971331e+02
