   1.1952971e+03   8.9415999e+02
   1.1433479e+03   9.2471832e+02
   1.1158454e+03   9.5527666e+02
   1.0883429e+03   1.0102817e+03
   1.0700079e+03   1.1050125e+03
   1.0730637e+03   1.1844642e+03
   1.0944545e+03   1.2608601e+03
   1.1525154e+03   1.3189209e+03
   1.2350229e+03   1.3617026e+03
   1.3205863e+03   1.3617026e+03
   1.4000379e+03   1.3219767e+03
   1.4672663e+03   1.2364134e+03
   1.5008805e+03   1.1508500e+03
   1.5100480e+03   1.0652867e+03
   1.5008805e+03   1.0011142e+03
   1.4764338e+03   9.4305333e+02
   1.4183729e+03   8.9110415e+02
   1.3358654e+03   8.7582498e+02
   1.2839162e+03   8.7582498e+02
