   1.2473212e+03   5.3403909e+02
   1.2126443e+03   5.6438135e+02
   1.1714656e+03   5.9472362e+02
   1.1281195e+03   6.4240432e+02
   1.1064464e+03   7.3993302e+02
   1.1259522e+03   8.1795599e+02
   1.1649636e+03   8.8080782e+02
   1.2234809e+03   9.4365965e+02
   1.2603250e+03   9.9134035e+02
   1.3275115e+03   1.0108461e+03
   1.4228729e+03   1.0086788e+03
   1.4727209e+03   9.7400191e+02
   1.5160670e+03   9.2632121e+02
   1.5615804e+03   8.7864051e+02
   1.5810861e+03   8.3529442e+02
   1.6027592e+03   7.7027529e+02
   1.6135957e+03   6.8575041e+02
   1.5810861e+03   6.0772744e+02
   1.5399073e+03   5.4921022e+02
   1.4792228e+03   5.1670065e+02
   1.4055344e+03   5.0369682e+02
   1.3491845e+03   5.0152952e+02
   1.2885000e+03   5.0803143e+02
