   1.3101730e+03   7.8761372e+02
   1.2668270e+03   8.1145407e+02
   1.2169789e+03   8.5913477e+02
   1.2018078e+03   8.8514243e+02
   1.1758002e+03   9.4582695e+02
   1.1736329e+03   1.0411884e+03
   1.1758002e+03   1.1040402e+03
   1.2039751e+03   1.1755612e+03
   1.2668270e+03   1.2405804e+03
   1.3318461e+03   1.2600861e+03
   1.4120364e+03   1.2600861e+03
   1.4792228e+03   1.2427477e+03
   1.5355727e+03   1.2145727e+03
   1.5767515e+03   1.1538882e+03
   1.5919226e+03   1.0932037e+03
   1.5832534e+03   1.0151807e+03
   1.5745842e+03   9.5016156e+02
   1.5572458e+03   9.0681547e+02
   1.5269035e+03   8.6997129e+02
   1.5008958e+03   8.3746173e+02
   1.4445459e+03   8.0061755e+02
   1.3795268e+03   7.8327911e+02
