   1.1739929e+03   6.4506278e+02
   1.1410518e+03   6.5404672e+02
   1.1036187e+03   6.7650658e+02
   1.0631909e+03   7.0795038e+02
   1.0347418e+03   7.4238882e+02
   9.9730868e+02   7.9778980e+02
   9.7934080e+02   8.4270951e+02
   9.7335150e+02   9.0260246e+02
   9.6736221e+02   9.6698738e+02
   9.8682742e+02   1.0478429e+03
   1.0257578e+03   1.0942599e+03
   1.0946347e+03   1.1526555e+03
   1.1500357e+03   1.1661314e+03
   1.2353832e+03   1.1646341e+03
   1.2967734e+03   1.1436716e+03
   1.3461851e+03   1.1017465e+03
   1.3881102e+03   1.0613188e+03
   1.4120674e+03   1.0193937e+03
   1.4405165e+03   9.4452753e+02
   1.4375219e+03   8.7864528e+02
   1.4225486e+03   8.1725501e+02
   1.3836182e+03   7.3190756e+02
   1.3282172e+03   7.0046376e+02
   1.2488591e+03   6.6003602e+02
