   1.1671309e+03   6.9225232e+02
   1.1021118e+03   6.9658693e+02
   1.0631003e+03   7.2259458e+02
   1.0175869e+03   7.5293685e+02
   9.9374658e+02   8.0061755e+02
   9.5690240e+02   8.4179634e+02
   9.5906971e+02   9.1765200e+02
   9.6557162e+02   9.6966730e+02
   1.0002485e+03   1.0368537e+03
   1.0305908e+03   1.0671960e+03
   1.0739368e+03   1.1105421e+03
   1.1476252e+03   1.1452190e+03
   1.2256482e+03   1.1473863e+03
   1.2928346e+03   1.1517209e+03
   1.3448499e+03   1.1343825e+03
   1.3925306e+03   1.0758652e+03
   1.4272075e+03   1.0086788e+03
   1.4445459e+03   9.1331739e+02
   1.4228729e+03   8.3312712e+02
   1.3925306e+03   7.5510415e+02
   1.3383480e+03   7.0742345e+02
   1.2646596e+03   6.8791771e+02
