   1.4677672e+03   1.0234038e+03
   1.4515458e+03   1.0436806e+03
   1.4211306e+03   1.0639574e+03
   1.3673972e+03   1.0842341e+03
   1.3106222e+03   1.0913310e+03
   1.2649995e+03   1.0832203e+03
   1.2285013e+03   1.0730819e+03
   1.1920031e+03   1.0457083e+03
   1.1636156e+03   1.0213762e+03
   1.1332005e+03   9.8893332e+02
   1.1098822e+03   9.5446281e+02
   1.0896054e+03   9.1492310e+02
   1.0784532e+03   8.5612046e+02
   1.0855500e+03   8.2063611e+02
   1.0896054e+03   7.6994418e+02
   1.1098822e+03   7.3445983e+02
   1.1443527e+03   6.9593396e+02
   1.1940308e+03   6.6349113e+02
   1.2396535e+03   6.5132506e+02
   1.3025115e+03   6.3915900e+02
   1.3532034e+03   6.3915900e+02
   1.4079507e+03   6.4625587e+02
   1.4545873e+03   6.6957416e+02
   1.4860163e+03   6.9796164e+02
   1.5174453e+03   7.4054286e+02
   1.5377221e+03   7.8008257e+02
   1.5397497e+03   8.1658076e+02
   1.5438051e+03   8.7031420e+02
   1.5427913e+03   9.1086775e+02
   1.5184591e+03   9.5446281e+02
   1.4941270e+03   9.9501635e+02
