   1.3578537e+03   6.8575041e+02
   1.3015038e+03   6.8791771e+02
   1.2581577e+03   7.1825998e+02
   1.1974732e+03   7.6810798e+02
   1.1519598e+03   8.3529442e+02
   1.1302868e+03   9.1765200e+02
   1.1259522e+03   9.8917305e+02
   1.1627963e+03   1.0541922e+03
   1.2083097e+03   1.1127094e+03
   1.2798308e+03   1.1690593e+03
   1.3535191e+03   1.1972343e+03
   1.4488805e+03   1.1863978e+03
   1.5182343e+03   1.1495536e+03
   1.5789188e+03   1.0975383e+03
   1.6309341e+03   1.0216826e+03
   1.6417706e+03   9.3065582e+02
   1.6135957e+03   8.5913477e+02
   1.5745842e+03   7.7244259e+02
   1.5160670e+03   7.2476189e+02
   1.4488805e+03   6.9441963e+02
