   1.2516558e+03   7.6594068e+02
   1.2061424e+03   7.8761372e+02
   1.1714656e+03   8.2012329e+02
   1.1259522e+03   8.8947704e+02
   1.1237849e+03   9.7833652e+02
   1.1367887e+03   1.0476903e+03
   1.1909713e+03   1.1018729e+03
   1.2473212e+03   1.1625574e+03
   1.3253442e+03   1.1950670e+03
   1.4207056e+03   1.1928997e+03
   1.5052305e+03   1.1452190e+03
   1.5789188e+03   1.0888691e+03
   1.5919226e+03   1.0000096e+03
   1.5940899e+03   9.1548469e+02
   1.5572458e+03   8.4613094e+02
   1.5052305e+03   7.9845024e+02
   1.4640517e+03   7.7244259e+02
   1.4185383e+03   7.5293685e+02
   1.3426826e+03   7.4643493e+02
