   1.1708504e+03   6.8636328e+02
   1.1158454e+03   7.1080995e+02
   1.0638962e+03   7.5664746e+02
   1.0425054e+03   8.0859664e+02
   1.0394495e+03   9.2777416e+02
   1.0669520e+03   1.0133375e+03
   1.1219571e+03   1.0622309e+03
   1.1830737e+03   1.0836217e+03
   1.2594696e+03   1.0927892e+03
   1.3328096e+03   1.0744542e+03
   1.4030938e+03   1.0286167e+03
   1.4458754e+03   9.3694166e+02
   1.4458754e+03   8.4221081e+02
   1.4183729e+03   7.8109413e+02
   1.3755913e+03   7.3220079e+02
   1.3328096e+03   6.9553078e+02
   1.2747487e+03   6.7719578e+02
   1.2380787e+03   6.6802827e+02
