   1.2661697e+03   1.0242440e+03
   1.2483144e+03   1.0342875e+03
   1.2304592e+03   1.0510268e+03
   1.2159518e+03   1.0688821e+03
   1.2159518e+03   1.0934330e+03
   1.2159518e+03   1.1124042e+03
   1.2181837e+03   1.1347232e+03
   1.2315752e+03   1.1570423e+03
   1.2572420e+03   1.1715496e+03
   1.2840249e+03   1.1693177e+03
   1.3085758e+03   1.1581582e+03
   1.3320108e+03   1.1436508e+03
   1.3509820e+03   1.1213318e+03
   1.3509820e+03   1.1001287e+03
   1.3476341e+03   1.0811575e+03
   1.3297789e+03   1.0554906e+03
   1.3108077e+03   1.0398673e+03
   1.2907206e+03   1.0287078e+03
