   1.1346214e+03   7.1825998e+02
   1.0631003e+03   7.4426763e+02
   9.8941197e+02   7.9628294e+02
   9.5473510e+02   8.6346938e+02
   9.3739666e+02   9.4799426e+02
   9.3956397e+02   1.0173480e+03
   9.8074275e+02   1.1083748e+03
   1.0175869e+03   1.1950670e+03
   1.0934426e+03   1.2405804e+03
   1.1823021e+03   1.2665880e+03
   1.2863327e+03   1.2687553e+03
   1.3708576e+03   1.2015689e+03
   1.4228729e+03   1.1582228e+03
   1.4770555e+03   1.0845344e+03
   1.4878920e+03   9.9134035e+02
   1.4662190e+03   9.1115008e+02
   1.4250402e+03   8.5263286e+02
   1.3881960e+03   8.0711946e+02
   1.3383480e+03   7.7027529e+02
   1.2841654e+03   7.3343111e+02
   1.2234809e+03   7.1175806e+02
