   1.0975104e+03   8.0554080e+02
   1.0700079e+03   8.6360165e+02
   1.0516729e+03   9.3082999e+02
   1.0516729e+03   1.0194492e+03
   1.0700079e+03   1.0958450e+03
   1.1005662e+03   1.1691850e+03
   1.1739062e+03   1.2027992e+03
   1.2441904e+03   1.2027992e+03
   1.3419771e+03   1.1875200e+03
   1.4030938e+03   1.1202917e+03
   1.4458754e+03   1.0408400e+03
   1.4611546e+03   9.4610916e+02
   1.4458754e+03   8.4832248e+02
   1.4030938e+03   7.8414996e+02
   1.3542004e+03   7.4747996e+02
   1.2961396e+03   7.2303329e+02
   1.2227996e+03   7.1080995e+02
   1.1494596e+03   7.3525662e+02
