   1.1519598e+03   7.7677720e+02
   1.0977772e+03   8.1362138e+02
   1.0544311e+03   8.5913477e+02
   1.0132523e+03   9.3282313e+02
   9.8724467e+02   1.0043442e+03
   9.8074275e+02   1.0671960e+03
   1.0002485e+03   1.1343825e+03
   1.0522638e+03   1.2124054e+03
   1.1151156e+03   1.2514169e+03
   1.1888040e+03   1.2752572e+03
   1.2646596e+03   1.2774246e+03
   1.3318461e+03   1.2557515e+03
   1.3838614e+03   1.1928997e+03
   1.4315421e+03   1.1278805e+03
   1.4510478e+03   1.0606941e+03
   1.4618844e+03   9.8267113e+02
   1.4423786e+03   9.1548469e+02
   1.4011998e+03   8.5263286e+02
   1.3448499e+03   8.0928677e+02
   1.2885000e+03   7.7894450e+02
   1.2213136e+03   7.7244259e+02
