   1.3015038e+03   7.7460989e+02
   1.3556864e+03   7.6594068e+02
   1.4315421e+03   7.9628294e+02
   1.4987285e+03   8.3312712e+02
   1.5399073e+03   8.6997129e+02
   1.5702496e+03   9.1331739e+02
   1.5919226e+03   9.8050383e+02
   1.5962572e+03   1.0758652e+03
   1.5789188e+03   1.1603901e+03
   1.5485765e+03   1.2080708e+03
   1.4922266e+03   1.2362458e+03
   1.4011998e+03   1.2579188e+03
   1.3188423e+03   1.2449150e+03
   1.2494885e+03   1.2124054e+03
   1.1801348e+03   1.1712266e+03
   1.1454579e+03   1.0845344e+03
   1.1194502e+03   1.0021769e+03
   1.1281195e+03   9.3499043e+02
   1.1606290e+03   8.6563669e+02
   1.2234809e+03   8.1795599e+02
