   1.1256386e+03   6.7261664e+02
   1.0950722e+03   7.0012638e+02
   1.0706191e+03   7.3986269e+02
   1.0538076e+03   7.9335386e+02
   1.0369961e+03   8.4990167e+02
   1.0446377e+03   9.4312915e+02
   1.0629775e+03   1.0027336e+03
   1.0904873e+03   1.0592814e+03
   1.1500917e+03   1.0898478e+03
   1.2203944e+03   1.1127726e+03
   1.3166785e+03   1.1249991e+03
   1.3900379e+03   1.0745646e+03
   1.4328308e+03   1.0348283e+03
   1.4481140e+03   9.9967696e+02
   1.4695105e+03   9.7216722e+02
   1.4756237e+03   9.3854419e+02
   1.4863220e+03   8.9575125e+02
   1.4985485e+03   8.3920344e+02
   1.4740954e+03   7.6890075e+02
   1.4297742e+03   7.1846622e+02
   1.3915662e+03   6.8331487e+02
   1.3441883e+03   6.5733344e+02
   1.2738856e+03   6.5122017e+02
   1.2158095e+03   6.4663521e+02
