   1.4580988e+03   9.7055583e+02
   1.4856013e+03   9.2777416e+02
   1.4947688e+03   8.5443414e+02
   1.4917130e+03   8.0248497e+02
   1.4764338e+03   7.4442412e+02
   1.4244846e+03   7.0469828e+02
   1.3480888e+03   6.8025161e+02
   1.2930838e+03   6.6802827e+02
   1.1983529e+03   6.8941911e+02
   1.1402921e+03   7.1080995e+02
   1.1005662e+03   7.6581496e+02
   1.0761195e+03   8.4526664e+02
   1.0791754e+03   9.2471832e+02
   1.1097337e+03   9.7361167e+02
   1.1586271e+03   1.0163933e+03
   1.2075204e+03   1.0469517e+03
   1.2778046e+03   1.0713984e+03
   1.3511446e+03   1.0591750e+03
   1.4122613e+03   1.0225050e+03
