   1.4467132e+03   7.5943876e+02
   1.3773595e+03   7.6594068e+02
   1.3296788e+03   7.9628294e+02
   1.2841654e+03   8.4613094e+02
   1.2473212e+03   9.0681547e+02
   1.2321501e+03   9.6750000e+02
   1.2083097e+03   1.0238499e+03
   1.2191463e+03   1.0932037e+03
   1.2386520e+03   1.1625574e+03
   1.2863327e+03   1.2124054e+03
   1.3426826e+03   1.2665880e+03
   1.4380440e+03   1.3055995e+03
   1.5290708e+03   1.3012649e+03
   1.6005919e+03   1.2644207e+03
   1.6482726e+03   1.2124054e+03
   1.6959533e+03   1.1582228e+03
   1.7284628e+03   1.0801998e+03
   1.7306301e+03   9.9350765e+02
   1.7111244e+03   9.0898278e+02
   1.6634437e+03   8.5263286e+02
   1.6027592e+03   7.9628294e+02
   1.5204016e+03   7.5943876e+02
