   1.2808604e+03   5.1829241e+02
   1.2166879e+03   5.2745991e+02
   1.1616829e+03   5.7940909e+02
   1.1250129e+03   6.5580494e+02
   1.1158454e+03   7.1692162e+02
   1.1189012e+03   8.0859664e+02
   1.1708504e+03   8.9110415e+02
   1.2289112e+03   9.4916500e+02
   1.3236421e+03   9.7055583e+02
   1.4000379e+03   9.4305333e+02
   1.4886571e+03   8.8804832e+02
   1.5406063e+03   7.9942913e+02
   1.5497738e+03   6.9247495e+02
   1.5253271e+03   6.1302326e+02
   1.4642105e+03   5.5190658e+02
   1.3969821e+03   5.0912491e+02
   1.3480888e+03   5.0301324e+02
