   1.2061424e+03   8.6346938e+02
   1.1844694e+03   9.0681547e+02
   1.1801348e+03   9.6750000e+02
   1.1953059e+03   1.0043442e+03
   1.2169789e+03   1.0455230e+03
   1.2559904e+03   1.0736979e+03
   1.3145077e+03   1.0823671e+03
   1.3665230e+03   1.0780325e+03
   1.4142037e+03   1.0476903e+03
   1.4662190e+03   1.0216826e+03
   1.4857247e+03   9.5449617e+02
   1.4748882e+03   8.8730973e+02
   1.4618844e+03   8.5046555e+02
   1.3990325e+03   8.0928677e+02
   1.3340134e+03   8.0928677e+02
   1.2451539e+03   8.2445790e+02
