   1.0883595e+03   7.3379058e+02
   1.1156196e+03   7.3909117e+02
   1.1443943e+03   7.4514898e+02
   1.1792267e+03   7.5575016e+02
   1.2034580e+03   7.6407966e+02
   1.2352615e+03   7.7998143e+02
   1.2572211e+03   7.9815488e+02
   1.2837241e+03   8.1481387e+02
   1.3018975e+03   8.3071564e+02
   1.3147704e+03   8.5116077e+02
   1.3329438e+03   8.7539204e+02
   1.3443022e+03   8.9432272e+02
   1.3549034e+03   9.2612625e+02
   1.3602040e+03   9.3824189e+02
   1.3670190e+03   9.5944424e+02
   1.3700479e+03   9.8973333e+02
   1.3639901e+03   1.0238085e+03
   1.3465739e+03   1.0715139e+03
   1.3238571e+03   1.1101324e+03
   1.2738801e+03   1.1570805e+03
   1.2367760e+03   1.1858551e+03
   1.2004291e+03   1.2131153e+03
   1.1527238e+03   1.2267454e+03
   1.1035040e+03   1.2403755e+03
   1.0459548e+03   1.2297743e+03
   9.8840550e+02   1.2017569e+03
   9.3842851e+02   1.1495082e+03
   9.0435329e+02   1.1078607e+03
   8.7557866e+02   1.0586410e+03
   8.6422026e+02   9.9654837e+02
   8.7557866e+02   9.4732861e+02
   8.8390816e+02   8.9886608e+02
   8.9980993e+02   8.6251918e+02
   9.2858456e+02   8.2011446e+02
   9.5660196e+02   7.8149588e+02
   1.0043073e+03   7.4969234e+02
   1.0588276e+03   7.3530503e+02
