   1.2819981e+03   7.8111181e+02
   1.2148116e+03   7.8761372e+02
   1.1606290e+03   8.1578868e+02
   1.1259522e+03   8.3312712e+02
   1.0847734e+03   8.7647321e+02
   1.0631003e+03   9.2632121e+02
   1.0370927e+03   9.8700574e+02
   1.0327581e+03   1.0585268e+03
   1.0457619e+03   1.1192113e+03
   1.0739368e+03   1.1885651e+03
   1.1237849e+03   1.2319112e+03
   1.1888040e+03   1.2730899e+03
   1.2494885e+03   1.3034322e+03
   1.3101730e+03   1.3186033e+03
   1.3838614e+03   1.2730899e+03
   1.4163710e+03   1.2319112e+03
   1.4532151e+03   1.1842305e+03
   1.4922266e+03   1.1148767e+03
   1.5095651e+03   1.0606941e+03
   1.5095651e+03   9.8483844e+02
   1.4748882e+03   9.1331739e+02
   1.4315421e+03   8.4396364e+02
   1.3686903e+03   8.2012329e+02
