   1.4703221e+03   1.0072258e+03
   1.4825455e+03   9.3999749e+02
   1.4550429e+03   8.6971331e+02
   1.4030938e+03   8.2387581e+02
   1.3389213e+03   7.9942913e+02
   1.2441904e+03   8.0248497e+02
   1.1555712e+03   8.4526664e+02
   1.1066779e+03   9.0943916e+02
   1.0944545e+03   9.7972334e+02
   1.0944545e+03   1.0530634e+03
   1.1372362e+03   1.1325150e+03
   1.1922412e+03   1.1722409e+03
   1.2625254e+03   1.2058550e+03
   1.3419771e+03   1.1966875e+03
   1.4122613e+03   1.1386267e+03
   1.4397638e+03   1.0897334e+03
