   1.3275115e+03   6.1206205e+02
   1.3773595e+03   6.1856397e+02
   1.4185383e+03   6.2723318e+02
   1.4640517e+03   6.6191006e+02
   1.4987285e+03   6.9658693e+02
   1.5269035e+03   7.4860224e+02
   1.5507439e+03   8.2879251e+02
   1.5442419e+03   8.9381164e+02
   1.5247362e+03   9.6316539e+02
   1.4943939e+03   1.0195153e+03
   1.4488805e+03   1.0823671e+03
   1.3708576e+03   1.1192113e+03
   1.2776635e+03   1.1105421e+03
   1.2061424e+03   1.0650287e+03
   1.1584617e+03   1.0065115e+03
   1.1237849e+03   9.3715774e+02
   1.1042791e+03   8.6997129e+02
   1.1064464e+03   7.9194833e+02
   1.1324541e+03   7.2476189e+02
   1.1692982e+03   6.8141580e+02
   1.2104770e+03   6.5107353e+02
   1.2689943e+03   6.2723318e+02
