   1.3243666e+03   8.1448687e+02
   1.3470268e+03   8.2371877e+02
   1.3638120e+03   8.4134332e+02
   1.3772403e+03   8.5309302e+02
   1.3789188e+03   8.8078874e+02
   1.3764010e+03   9.1435931e+02
   1.3537409e+03   9.3114460e+02
   1.3285629e+03   9.4960841e+02
   1.2924746e+03   9.5967958e+02
   1.2698144e+03   9.6639370e+02
   1.2437973e+03   9.5380473e+02
   1.2354046e+03   9.3030533e+02
   1.2337261e+03   9.1016299e+02
   1.2370831e+03   8.8414580e+02
   1.2496721e+03   8.5812861e+02
   1.2689752e+03   8.3378995e+02
   1.2958316e+03   8.2204025e+02
