   1.2617532e+03   6.9216649e+02
   1.2269953e+03   7.0437874e+02
   1.1875403e+03   7.1659098e+02
   1.1462066e+03   7.3913667e+02
   1.1180244e+03   7.7107640e+02
   1.0964182e+03   8.0771315e+02
   1.0785695e+03   8.3777407e+02
   1.0672966e+03   8.6407737e+02
   1.0616602e+03   9.2795682e+02
   1.0729331e+03   9.6835119e+02
   1.0926605e+03   1.0059273e+03
   1.1152062e+03   1.0472611e+03
   1.1471460e+03   1.0838978e+03
   1.1894191e+03   1.1130194e+03
   1.2345105e+03   1.1599895e+03
   1.2936929e+03   1.1684442e+03
   1.3528754e+03   1.1524743e+03
   1.3960880e+03   1.1120800e+03
   1.4195730e+03   1.0604128e+03
   1.4496340e+03   9.8901807e+02
   1.4590280e+03   9.5050251e+02
   1.4524522e+03   8.9507769e+02
   1.4486946e+03   8.4904691e+02
   1.4439975e+03   7.9644030e+02
   1.4233307e+03   7.5134892e+02
   1.3979668e+03   7.3537906e+02
   1.3697847e+03   7.1846979e+02
   1.3350267e+03   7.0343933e+02
   1.3087234e+03   6.9874231e+02
