   1.2993365e+03   8.9381164e+02
   1.2754962e+03   9.0681547e+02
   1.2516558e+03   9.4149235e+02
   1.2473212e+03   9.5666348e+02
   1.2473212e+03   9.9134035e+02
   1.2603250e+03   1.0173480e+03
   1.2776635e+03   1.0390211e+03
   1.3166750e+03   1.0476903e+03
   1.3491845e+03   1.0433557e+03
   1.3600211e+03   1.0238499e+03
   1.3621884e+03   1.0065115e+03
   1.3773595e+03   9.8267113e+02
   1.3816941e+03   9.5016156e+02
   1.3730249e+03   9.3065582e+02
   1.3578537e+03   9.1765200e+02
   1.3166750e+03   8.9164434e+02
