   1.2343174e+03   7.3776572e+02
   1.1866367e+03   7.7460989e+02
   1.1389560e+03   8.1145407e+02
   1.1064464e+03   8.6563669e+02
   1.0956099e+03   9.5232887e+02
   1.1172829e+03   1.0390211e+03
   1.1454579e+03   1.0953710e+03
   1.1996405e+03   1.1560555e+03
   1.2863327e+03   1.1972343e+03
   1.3686903e+03   1.1885651e+03
   1.4575498e+03   1.1647247e+03
   1.5008958e+03   1.1192113e+03
   1.5442419e+03   1.0628614e+03
   1.5767515e+03   1.0043442e+03
   1.5594131e+03   8.7647321e+02
   1.5247362e+03   8.0495216e+02
   1.4553825e+03   7.5293685e+02
   1.3795268e+03   7.2476189e+02
   1.3188423e+03   7.2476189e+02
