   1.1177440e+03   9.8022922e+02
   1.0872104e+03   9.7843312e+02
   1.0602689e+03   9.9639411e+02
   1.0387157e+03   1.0089668e+03
   1.0243469e+03   1.0305200e+03
   1.0171625e+03   1.0574615e+03
   1.0261430e+03   1.0933835e+03
   1.0459001e+03   1.1131405e+03
   1.0710455e+03   1.1275093e+03
   1.1033752e+03   1.1418781e+03
   1.1375011e+03   1.1526547e+03
   1.1698309e+03   1.1454703e+03
   1.1949763e+03   1.1364898e+03
   1.2129373e+03   1.0969756e+03
   1.2111412e+03   1.0574615e+03
   1.2111412e+03   1.0233356e+03
   1.1949763e+03   1.0053746e+03
   1.1644426e+03   9.9100581e+02
   1.1644426e+03   9.9100581e+02
