   1.4825455e+03   1.0316725e+03
   1.4244846e+03   1.0744542e+03
   1.3266979e+03   1.0897334e+03
   1.2686371e+03   1.0683425e+03
   1.2075204e+03   1.0163933e+03
   1.1555712e+03   9.5833250e+02
   1.1311246e+03   8.7582498e+02
   1.1372362e+03   7.3831245e+02
   1.1708504e+03   6.4052577e+02
   1.2441904e+03   5.7635326e+02
   1.3358654e+03   5.7635326e+02
   1.4183729e+03   5.9468826e+02
   1.4794896e+03   6.3746994e+02
   1.5283830e+03   7.0775412e+02
   1.5467180e+03   7.9331747e+02
   1.5558855e+03   8.7582498e+02
   1.5436621e+03   9.6138833e+02
