   1.4153171e+03   1.2822509e+03
   1.4519871e+03   1.2089109e+03
   1.4672663e+03   1.1477942e+03
   1.4611546e+03   1.0744542e+03
   1.4367079e+03   1.0102817e+03
   1.4030938e+03   9.4916500e+02
   1.3542004e+03   9.1555082e+02
   1.2747487e+03   8.9415999e+02
   1.1952971e+03   9.1555082e+02
   1.1280687e+03   9.5222083e+02
   1.0852870e+03   1.0255608e+03
   1.0577845e+03   1.0958450e+03
   1.0638962e+03   1.1814084e+03
   1.0638962e+03   1.2364134e+03
   1.0944545e+03   1.2914184e+03
   1.1525154e+03   1.3494792e+03
   1.2166879e+03   1.3861492e+03
   1.2991954e+03   1.3800376e+03
   1.3664238e+03   1.3494792e+03
