   1.0869407e+03   8.0711946e+02
   1.0587657e+03   8.2879251e+02
   1.0284235e+03   8.6130208e+02
   1.0175869e+03   9.0898278e+02
   1.0219215e+03   9.4799426e+02
   1.0500965e+03   9.9784226e+02
   1.0804388e+03   1.0303518e+03
   1.1367887e+03   1.0390211e+03
   1.1844694e+03   1.0455230e+03
   1.1996405e+03   1.0498576e+03
   1.2451539e+03   1.0303518e+03
   1.3015038e+03   1.0130134e+03
   1.3101730e+03   9.7400191e+02
   1.3123404e+03   9.4365965e+02
   1.2993365e+03   9.0031356e+02
   1.2754962e+03   8.6130208e+02
   1.2603250e+03   8.1795599e+02
   1.2386520e+03   8.0711946e+02
   1.2169789e+03   7.9628294e+02
   1.1736329e+03   7.8544642e+02
   1.1216175e+03   7.8978103e+02
