   1.1454579e+03   7.6810798e+02
   1.0891080e+03   8.0278485e+02
   1.0435946e+03   8.5696747e+02
   1.0197542e+03   9.0248086e+02
   9.8507736e+02   9.6533270e+02
   9.7640814e+02   1.0455230e+03
   9.8724467e+02   1.1083748e+03
   1.0110850e+03   1.1820632e+03
   1.0587657e+03   1.2340785e+03
   1.0999445e+03   1.2665880e+03
   1.1606290e+03   1.3055995e+03
   1.2494885e+03   1.3337745e+03
   1.3166750e+03   1.3207706e+03
   1.3903633e+03   1.2579188e+03
   1.4315421e+03   1.1928997e+03
   1.4553825e+03   1.1105421e+03
   1.4662190e+03   1.0000096e+03
   1.4445459e+03   9.2415391e+02
   1.3903633e+03   8.3962903e+02
   1.3448499e+03   8.0495216e+02
   1.3015038e+03   7.6594068e+02
   1.2213136e+03   7.6810798e+02
