   1.1464037e+03   7.9331747e+02
   1.1891854e+03   7.5053579e+02
   1.2564137e+03   7.2303329e+02
   1.3266979e+03   7.2303329e+02
   1.3817029e+03   7.5053579e+02
   1.4336521e+03   8.0248497e+02
   1.4764338e+03   8.9415999e+02
   1.4978246e+03   1.0011142e+03
   1.4733780e+03   1.1050125e+03
   1.4244846e+03   1.1783525e+03
   1.3511446e+03   1.2150225e+03
   1.2716929e+03   1.2058550e+03
   1.2166879e+03   1.1814084e+03
   1.1586271e+03   1.1355709e+03
   1.1219571e+03   1.0805659e+03
   1.0944545e+03   9.8583500e+02
   1.0913987e+03   9.2777416e+02
   1.1036220e+03   8.4526664e+02
