   1.3232341e+03   7.7721750e+02
   1.2628270e+03   7.3493250e+02
   1.1963791e+03   6.9868822e+02
   1.1269109e+03   6.8056608e+02
   1.0453613e+03   7.0774929e+02
   9.7891340e+02   7.6211572e+02
   9.1850626e+02   8.1950250e+02
   8.8830268e+02   8.5574679e+02
   8.7622126e+02   9.2219464e+02
   9.0340447e+02   1.0128054e+03
   9.5173018e+02   1.0762329e+03
   1.0151577e+03   1.1245586e+03
   1.1057684e+03   1.1487214e+03
   1.2054402e+03   1.1366400e+03
   1.2839695e+03   1.0973754e+03
   1.3292748e+03   1.0248868e+03
   1.3624987e+03   9.3729643e+02
   1.3685395e+03   8.6480786e+02
