   1.1433479e+03   8.2081997e+02
   1.0883429e+03   8.6360165e+02
   1.0394495e+03   9.3388583e+02
   1.0150029e+03   1.0133375e+03
   1.0027795e+03   1.0958450e+03
   1.0211145e+03   1.1722409e+03
   1.0730637e+03   1.2333576e+03
   1.1494596e+03   1.2578042e+03
   1.2625254e+03   1.2364134e+03
   1.3389213e+03   1.1722409e+03
   1.3969821e+03   1.0866775e+03
   1.4214288e+03   9.8277917e+02
   1.4153171e+03   8.9110415e+02
   1.3603121e+03   8.4221081e+02
   1.2900279e+03   7.9331747e+02
   1.2533579e+03   7.8720580e+02
