   1.1739062e+03   8.3304331e+02
   1.2472462e+03   8.0554080e+02
   1.2869721e+03   7.9942913e+02
   1.3694796e+03   7.9942913e+02
   1.4305963e+03   8.2081997e+02
   1.4917130e+03   8.7276915e+02
   1.5283830e+03   9.3388583e+02
   1.5528296e+03   1.0225050e+03
   1.5528296e+03   1.1111242e+03
   1.5192155e+03   1.2211342e+03
   1.4428196e+03   1.2944742e+03
   1.3389213e+03   1.3219767e+03
   1.2503021e+03   1.3097534e+03
   1.1739062e+03   1.2761392e+03
   1.1097337e+03   1.2241901e+03
   1.0761195e+03   1.1355709e+03
   1.0577845e+03   1.0469517e+03
   1.0730637e+03   9.6750000e+02
   1.1127895e+03   8.8804832e+02
