   1.3968652e+03   7.9845024e+02
   1.3535191e+03   7.9628294e+02
   1.3058384e+03   8.0495216e+02
   1.2689943e+03   8.2445790e+02
   1.2256482e+03   8.5696747e+02
   1.1823021e+03   9.1548469e+02
   1.1584617e+03   9.7616922e+02
   1.1606290e+03   1.0476903e+03
   1.1627963e+03   1.1040402e+03
   1.1779675e+03   1.1517209e+03
   1.2213136e+03   1.1863978e+03
   1.2559904e+03   1.2080708e+03
   1.3405153e+03   1.2579188e+03
   1.4120364e+03   1.2730899e+03
   1.4748882e+03   1.2644207e+03
   1.5225689e+03   1.2384131e+03
   1.5529112e+03   1.2059035e+03
   1.5897553e+03   1.1603901e+03
   1.6070938e+03   1.1170440e+03
   1.6114284e+03   1.0498576e+03
   1.6179303e+03   9.7183461e+02
   1.5962572e+03   9.1115008e+02
   1.5637477e+03   8.6346938e+02
   1.5008958e+03   8.2012329e+02
   1.4510478e+03   8.0928677e+02
