   1.7972801e+03   7.0347510e+02
   1.7707288e+03   6.8522110e+02
   1.7159668e+03   6.7526437e+02
   1.6761399e+03   6.6530765e+02
   1.6197185e+03   6.6364819e+02
   1.5500214e+03   6.7692383e+02
   1.5018972e+03   6.9019946e+02
   1.4753460e+03   7.2006964e+02
   1.4338596e+03   7.5491818e+02
   1.4122867e+03   7.9474508e+02
   1.3990111e+03   8.3291253e+02
   1.3940327e+03   8.6776107e+02
   1.3956922e+03   9.1588525e+02
   1.4106273e+03   9.9056069e+02
   1.4487947e+03   1.0602578e+03
   1.4985783e+03   1.0934469e+03
   1.5632971e+03   1.1249765e+03
   1.6280158e+03   1.1282954e+03
   1.6811183e+03   1.1117009e+03
   1.7209452e+03   1.0868090e+03
   1.7707288e+03   1.0420038e+03
   1.8205125e+03   1.0021769e+03
   1.8437448e+03   9.4575543e+02
   1.8702961e+03   8.8103671e+02
   1.8603394e+03   8.1133963e+02
   1.8420854e+03   7.6985327e+02
   1.8171936e+03   7.3002637e+02
