   1.4337094e+03   7.5510415e+02
   1.4033671e+03   7.7677720e+02
   1.3730249e+03   8.1362138e+02
   1.3448499e+03   8.4613094e+02
   1.3340134e+03   8.9597895e+02
   1.3318461e+03   9.4149235e+02
   1.3383480e+03   9.7833652e+02
   1.3643557e+03   1.0086788e+03
   1.4207056e+03   1.0346864e+03
   1.4532151e+03   1.0346864e+03
   1.4835574e+03   1.0151807e+03
   1.4922266e+03   9.8267113e+02
   1.4965612e+03   9.3499043e+02
   1.5138997e+03   8.8297512e+02
   1.5095651e+03   8.2662520e+02
   1.4965612e+03   7.9194833e+02
   1.4705536e+03   7.6377337e+02
