   1.2324076e+03   8.0205527e+02
   1.2016981e+03   8.2431961e+02
   1.1694532e+03   8.5579679e+02
   1.1418147e+03   8.8804170e+02
   1.1264600e+03   9.2949945e+02
   1.1249245e+03   9.8093777e+02
   1.1256923e+03   1.0285374e+03
   1.1410470e+03   1.0761370e+03
   1.1640791e+03   1.1168270e+03
   1.1970917e+03   1.1567493e+03
   1.2377817e+03   1.1936007e+03
   1.2777040e+03   1.2250778e+03
   1.3398906e+03   1.2473422e+03
   1.3982386e+03   1.2404325e+03
   1.4396963e+03   1.2189359e+03
   1.4742444e+03   1.1859233e+03
   1.5041861e+03   1.1352527e+03
   1.5180054e+03   1.0738338e+03
   1.5295214e+03   9.9398928e+02
   1.5172377e+03   9.1337699e+02
   1.4895992e+03   8.4658396e+02
   1.4489091e+03   8.0205527e+02
   1.4097546e+03   7.7441677e+02
   1.3560131e+03   7.6750714e+02
   1.3183940e+03   7.6827488e+02
   1.2861491e+03   7.8132639e+02
