   1.2646596e+03   7.2259458e+02
   1.2148116e+03   7.4643493e+02
   1.1584617e+03   7.8544642e+02
   1.1151156e+03   8.3312712e+02
   1.0869407e+03   8.7647321e+02
   1.0739368e+03   9.5016156e+02
   1.0826061e+03   1.0585268e+03
   1.1129483e+03   1.1322151e+03
   1.1497925e+03   1.1690593e+03
   1.1996405e+03   1.2015689e+03
   1.2538231e+03   1.2254092e+03
   1.3275115e+03   1.2340785e+03
   1.4163710e+03   1.2254092e+03
   1.4683863e+03   1.1690593e+03
   1.4900593e+03   1.1105421e+03
   1.5095651e+03   1.0433557e+03
   1.4987285e+03   9.7183461e+02
   1.4878920e+03   9.1115008e+02
   1.4640517e+03   8.4829825e+02
   1.4163710e+03   7.9628294e+02
   1.3751922e+03   7.4210033e+02
   1.3318461e+03   7.3559841e+02
