   1.1389560e+03   8.6563669e+02
   1.1866367e+03   8.5696747e+02
   1.2321501e+03   8.5263286e+02
   1.2646596e+03   8.5696747e+02
   1.2906673e+03   8.6130208e+02
   1.3426826e+03   8.8297512e+02
   1.3686903e+03   9.2198660e+02
   1.3903633e+03   9.8050383e+02
   1.4011998e+03   1.0130134e+03
   1.3751922e+03   1.0606941e+03
   1.3210096e+03   1.0867018e+03
   1.2819981e+03   1.1040402e+03
   1.2321501e+03   1.1192113e+03
   1.1497925e+03   1.0823671e+03
   1.1259522e+03   1.0498576e+03
   1.1086137e+03   1.0260172e+03
   1.1042791e+03   9.7183461e+02
   1.1151156e+03   9.1981930e+02
