   1.3358654e+03   1.0744542e+03
   1.3817029e+03   1.0377842e+03
   1.4122613e+03   9.8277917e+02
   1.4275404e+03   9.2166249e+02
   1.4275404e+03   8.6971331e+02
   1.4061496e+03   7.9331747e+02
   1.3847588e+03   7.5970329e+02
   1.3419771e+03   7.2608912e+02
   1.2991954e+03   7.0164245e+02
   1.2564137e+03   6.9247495e+02
   1.2075204e+03   6.9247495e+02
   1.1586271e+03   6.9247495e+02
   1.1158454e+03   7.1080995e+02
   1.0700079e+03   7.3220079e+02
   1.0425054e+03   7.6275913e+02
   9.9972369e+02   8.2693164e+02
   9.9055619e+02   8.6971331e+02
   1.0027795e+03   9.3082999e+02
   1.0088912e+03   9.8889084e+02
   1.0394495e+03   1.0438958e+03
   1.0822312e+03   1.0836217e+03
   1.1372362e+03   1.1080684e+03
   1.1861296e+03   1.1111242e+03
   1.2472462e+03   1.1111242e+03
