   1.1346214e+03   6.1639666e+02
   1.1758002e+03   5.8605440e+02
   1.2191463e+03   5.6221405e+02
   1.3123404e+03   5.5354483e+02
   1.3838614e+03   5.7521787e+02
   1.4553825e+03   6.0339283e+02
   1.4965612e+03   6.7057928e+02
   1.5204016e+03   7.5076954e+02
   1.5312381e+03   8.3529442e+02
   1.5052305e+03   9.1331739e+02
   1.4900593e+03   9.9784226e+02
   1.4163710e+03   1.0671960e+03
   1.3210096e+03   1.0823671e+03
   1.2191463e+03   1.0628614e+03
   1.1649636e+03   1.0281845e+03
   1.1086137e+03   9.7183461e+02
   1.0696022e+03   9.1765200e+02
   1.0544311e+03   8.2229059e+02
   1.0609330e+03   7.3559841e+02
   1.1021118e+03   6.5757545e+02
