   1.2105762e+03   6.9858661e+02
   1.1647387e+03   7.4747996e+02
   1.1402921e+03   7.9637330e+02
   1.1341804e+03   8.5137831e+02
   1.1586271e+03   9.1860666e+02
   1.2075204e+03   9.9500251e+02
   1.2564137e+03   1.0408400e+03
   1.3083629e+03   1.0683425e+03
   1.4000379e+03   1.0561192e+03
   1.4794896e+03   1.0041700e+03
   1.5253271e+03   9.3388583e+02
   1.5375505e+03   8.4832248e+02
   1.5253271e+03   7.8109413e+02
   1.5008805e+03   7.3220079e+02
   1.4611546e+03   6.9553078e+02
   1.3847588e+03   6.7719578e+02
   1.3236421e+03   6.6191661e+02
   1.2686371e+03   6.6191661e+02
