   1.4470687e+03   1.1124771e+03
   1.5014352e+03   1.0490496e+03
   1.5406998e+03   9.7354071e+02
   1.5648627e+03   8.5876714e+02
   1.5437202e+03   7.8929893e+02
   1.5014352e+03   7.0170858e+02
   1.4470687e+03   6.3526072e+02
   1.3927023e+03   6.0807751e+02
   1.2930305e+03   6.1713858e+02
   1.2296030e+03   6.2619965e+02
   1.1873180e+03   6.7452536e+02
   1.1540941e+03   7.5607500e+02
   1.1238905e+03   8.3460429e+02
   1.1148295e+03   9.0709286e+02
   1.1450330e+03   9.9468321e+02
   1.1873180e+03   1.0701921e+03
   1.2688677e+03   1.1094568e+03
   1.3353155e+03   1.1305993e+03
