   1.2126443e+03   7.4643493e+02
   1.2603250e+03   7.4643493e+02
   1.3318461e+03   7.5943876e+02
   1.4077018e+03   7.8544642e+02
   1.4705536e+03   8.5913477e+02
   1.5030632e+03   9.3282313e+02
   1.5008958e+03   1.0173480e+03
   1.4618844e+03   1.0823671e+03
   1.4272075e+03   1.1192113e+03
   1.3860287e+03   1.1625574e+03
   1.3058384e+03   1.1950670e+03
   1.1909713e+03   1.1777285e+03
   1.1259522e+03   1.1257132e+03
   1.0717695e+03   1.0715306e+03
   1.0500965e+03   9.3715774e+02
   1.0761042e+03   8.3962903e+02
   1.1541271e+03   7.7460989e+02
