   1.2887806e+03   8.3268888e+02
   1.3296113e+03   8.2588376e+02
   1.3874548e+03   8.2248121e+02
   1.4316880e+03   8.3722563e+02
   1.4679820e+03   8.7125122e+02
   1.5042760e+03   8.9960588e+02
   1.5337648e+03   9.3022891e+02
   1.5462409e+03   9.9147497e+02
   1.5405699e+03   1.0663313e+03
   1.5224230e+03   1.1241748e+03
   1.4974709e+03   1.1774815e+03
   1.4623111e+03   1.2126413e+03
   1.4226146e+03   1.2364592e+03
   1.3783813e+03   1.2580088e+03
   1.3182694e+03   1.2636797e+03
   1.2456815e+03   1.2489353e+03
   1.1867038e+03   1.2047020e+03
   1.1572149e+03   1.1604687e+03
   1.1402022e+03   1.0969543e+03
   1.1402022e+03   1.0447817e+03
   1.1470073e+03   9.9714590e+02
   1.1719594e+03   9.5518101e+02
   1.1980457e+03   9.1208193e+02
   1.2434131e+03   8.6558029e+02
