   1.3878146e+03   1.1661292e+03
   1.4305963e+03   1.1325150e+03
   1.4642105e+03   1.0836217e+03
   1.4856013e+03   1.0041700e+03
   1.4794896e+03   9.2471832e+02
   1.4580988e+03   8.7888082e+02
   1.4122613e+03   8.3304331e+02
   1.3389213e+03   7.9331747e+02
   1.2747487e+03   7.7498246e+02
   1.2258554e+03   7.8109413e+02
   1.1586271e+03   8.0248497e+02
   1.1250129e+03   8.4526664e+02
   1.0822312e+03   9.1555082e+02
   1.0822312e+03   9.9805834e+02
   1.0944545e+03   1.0591750e+03
   1.1189012e+03   1.1233475e+03
   1.1647387e+03   1.1691850e+03
   1.2197437e+03   1.1997434e+03
   1.2808604e+03   1.1997434e+03
   1.3328096e+03   1.1875200e+03
