   1.1259522e+03   8.3962903e+02
   1.1801348e+03   8.3312712e+02
   1.2559904e+03   8.5480016e+02
   1.3015038e+03   8.6997129e+02
   1.3491845e+03   8.9814625e+02
   1.3860287e+03   9.3499043e+02
   1.4250402e+03   9.9134035e+02
   1.4640517e+03   1.0715306e+03
   1.4618844e+03   1.1343825e+03
   1.4402113e+03   1.1733939e+03
   1.4185383e+03   1.2319112e+03
   1.3816941e+03   1.2774246e+03
   1.3470172e+03   1.3077668e+03
   1.3166750e+03   1.3554475e+03
   1.2538231e+03   1.3771206e+03
   1.1823021e+03   1.3771206e+03
   1.1216175e+03   1.3489456e+03
   1.0761042e+03   1.3316072e+03
   1.0219215e+03   1.2817592e+03
   9.9374658e+02   1.2405804e+03
   9.7424084e+02   1.1863978e+03
   9.6123701e+02   1.1408844e+03
   9.5256779e+02   1.1148767e+03
   9.4389858e+02   1.0585268e+03
   9.4606588e+02   1.0108461e+03
   9.6340432e+02   9.5883078e+02
   9.8507736e+02   9.1981930e+02
   1.0284235e+03   8.6997129e+02
   1.0674349e+03   8.4613094e+02
