   1.2655812e+03   1.1202917e+03
   1.3175304e+03   1.0652867e+03
   1.3664238e+03   9.9194667e+02
   1.3817029e+03   9.1860666e+02
   1.3694796e+03   8.5443414e+02
   1.3572563e+03   8.1165247e+02
   1.3266979e+03   7.5359162e+02
   1.2930838e+03   7.1386578e+02
   1.2533579e+03   6.7413994e+02
   1.2014087e+03   6.6802827e+02
   1.1402921e+03   6.6191661e+02
   1.0791754e+03   6.6191661e+02
   1.0425054e+03   6.9553078e+02
   9.9972369e+02   7.2914495e+02
   9.5694202e+02   7.6887079e+02
   9.4777452e+02   8.3609914e+02
   9.4471868e+02   9.1249499e+02
   9.5388618e+02   9.6750000e+02
   9.9055619e+02   1.0500075e+03
   1.0425054e+03   1.1050125e+03
   1.1158454e+03   1.1264034e+03
   1.1647387e+03   1.1325150e+03
