   1.2819981e+03   1.0736979e+03
   1.2754962e+03   1.0303518e+03
   1.2754962e+03   9.7400191e+02
   1.2603250e+03   9.1981930e+02
   1.2494885e+03   8.8297512e+02
   1.2169789e+03   8.6563669e+02
   1.1736329e+03   8.5696747e+02
   1.1346214e+03   8.5696747e+02
   1.0999445e+03   8.8730973e+02
   1.0869407e+03   9.0898278e+02
   1.0717695e+03   9.3499043e+02
   1.0717695e+03   9.5883078e+02
   1.0717695e+03   1.0151807e+03
   1.0717695e+03   1.0476903e+03
   1.0977772e+03   1.1213786e+03
   1.1411233e+03   1.1712266e+03
   1.1996405e+03   1.1733939e+03
   1.2429866e+03   1.1560555e+03
   1.2754962e+03   1.1235459e+03
