   1.0088912e+03   8.3609914e+02
   9.7222119e+02   8.8499248e+02
   9.6610952e+02   9.5527666e+02
   9.9666786e+02   1.0561192e+03
   1.0272262e+03   1.1202917e+03
   1.0822312e+03   1.1661292e+03
   1.1555712e+03   1.2058550e+03
   1.2625254e+03   1.2027992e+03
   1.3358654e+03   1.1600175e+03
   1.4030938e+03   1.0591750e+03
   1.4183729e+03   9.7055583e+02
   1.3969821e+03   8.7888082e+02
   1.3542004e+03   7.9942913e+02
   1.2839162e+03   7.4747996e+02
   1.1983529e+03   7.3220079e+02
   1.1219571e+03   7.5359162e+02
   1.0730637e+03   7.7192663e+02
