   1.3908704e+03   6.0691160e+02
   1.3266979e+03   6.4052577e+02
   1.2747487e+03   7.0164245e+02
   1.2441904e+03   7.6887079e+02
   1.2350229e+03   8.5748998e+02
   1.2533579e+03   9.4610916e+02
   1.2961396e+03   1.0194492e+03
   1.3633679e+03   1.0652867e+03
   1.4305963e+03   1.0897334e+03
   1.5222713e+03   1.0744542e+03
   1.6047788e+03   1.0286167e+03
   1.6628397e+03   9.3082999e+02
   1.6903422e+03   8.4526664e+02
   1.6964538e+03   7.5970329e+02
   1.6597838e+03   6.9553078e+02
   1.6108905e+03   6.3746994e+02
   1.5406063e+03   5.9774409e+02
   1.4703221e+03   5.7940909e+02
