   1.1262671e+03   7.2936584e+02
   1.0881934e+03   7.4332618e+02
   1.0437741e+03   7.5728652e+02
   1.0158535e+03   7.8013071e+02
   9.8412543e+02   8.1185875e+02
   9.6128123e+02   8.6262362e+02
   9.4224441e+02   9.1085024e+02
   9.3970617e+02   9.6415335e+02
   9.3970617e+02   1.0199947e+03
   9.4859002e+02   1.0732978e+03
   9.6255036e+02   1.1164480e+03
   9.9554752e+02   1.1456378e+03
   1.0209300e+03   1.1722893e+03
   1.0501198e+03   1.2052865e+03
   1.0894625e+03   1.2230542e+03
   1.1364200e+03   1.2420910e+03
   1.1909923e+03   1.2535131e+03
   1.2582557e+03   1.2344763e+03
   1.2925220e+03   1.2040174e+03
   1.3153662e+03   1.1621363e+03
   1.3572472e+03   1.0491845e+03
   1.3661311e+03   9.7557545e+02
   1.3610546e+03   8.9815903e+02
   1.2975985e+03   7.8266895e+02
   1.2709469e+03   7.5094091e+02
   1.2290659e+03   7.3444233e+02
   1.1719554e+03   7.1921287e+02
