   1.4651909e+03   9.9166286e+02
   1.4833130e+03   9.1917429e+02
   1.4712316e+03   8.2554322e+02
   1.4259262e+03   7.7419715e+02
   1.3473970e+03   7.1379000e+02
   1.2900102e+03   6.9868822e+02
   1.2296030e+03   7.1076965e+02
   1.1571145e+03   7.4701393e+02
   1.1027480e+03   7.9836000e+02
   1.0544223e+03   8.6782822e+02
   1.0393205e+03   9.7354071e+02
   1.0483816e+03   1.0762329e+03
   1.0876463e+03   1.1426807e+03
   1.1480534e+03   1.1879861e+03
   1.2356438e+03   1.2061082e+03
   1.3232341e+03   1.1819454e+03
   1.3806209e+03   1.1245586e+03
   1.4168652e+03   1.0822736e+03
