   1.3083629e+03   6.6802827e+02
   1.2289112e+03   6.8025161e+02
   1.1464037e+03   7.1997745e+02
   1.0883429e+03   7.8109413e+02
   1.0547287e+03   8.8193665e+02
   1.0761195e+03   1.0286167e+03
   1.1189012e+03   1.1080684e+03
   1.1800179e+03   1.1783525e+03
   1.2778046e+03   1.2089109e+03
   1.3725354e+03   1.1936317e+03
   1.4580988e+03   1.1386267e+03
   1.5192155e+03   1.0713984e+03
   1.5619971e+03   9.8277917e+02
   1.5497738e+03   8.9110415e+02
   1.5161596e+03   8.2998747e+02
   1.4764338e+03   7.6887079e+02
   1.4153171e+03   7.1080995e+02
