   1.3296788e+03   8.0061755e+02
   1.2776635e+03   8.2879251e+02
   1.2494885e+03   8.7430590e+02
   1.2343174e+03   9.1548469e+02
   1.2169789e+03   9.5883078e+02
   1.2061424e+03   1.0086788e+03
   1.2104770e+03   1.0411884e+03
   1.2169789e+03   1.0823671e+03
   1.2451539e+03   1.1127094e+03
   1.2906673e+03   1.1365498e+03
   1.3296788e+03   1.1603901e+03
   1.3578537e+03   1.1842305e+03
   1.4142037e+03   1.2080708e+03
   1.4662190e+03   1.2189073e+03
   1.5117324e+03   1.2145727e+03
   1.5680823e+03   1.2059035e+03
   1.6222649e+03   1.1603901e+03
   1.6591091e+03   1.0953710e+03
   1.6721129e+03   1.0260172e+03
   1.6764475e+03   9.7183461e+02
   1.6526072e+03   8.9597895e+02
   1.6222649e+03   8.5696747e+02
   1.5984246e+03   8.1578868e+02
   1.5550785e+03   7.8978103e+02
   1.5225689e+03   7.7677720e+02
   1.4662190e+03   7.7027529e+02
   1.4011998e+03   7.7027529e+02
