   1.3751922e+03   8.4396364e+02
   1.3405153e+03   8.5696747e+02
   1.3080057e+03   8.6563669e+02
   1.2776635e+03   8.9164434e+02
   1.2754962e+03   9.2198660e+02
   1.2798308e+03   9.6750000e+02
   1.3101730e+03   1.0173480e+03
   1.3448499e+03   1.0368537e+03
   1.3773595e+03   1.0455230e+03
   1.4250402e+03   1.0390211e+03
   1.4662190e+03   1.0130134e+03
   1.5052305e+03   9.6966730e+02
   1.5052305e+03   9.2848852e+02
   1.4878920e+03   8.8080782e+02
   1.4553825e+03   8.5263286e+02
   1.4228729e+03   8.4396364e+02
