   1.1922412e+03   6.8941911e+02
   1.1127895e+03   7.2608912e+02
   1.0577845e+03   7.7803830e+02
   1.0119470e+03   8.6665748e+02
   1.0027795e+03   9.4305333e+02
   1.0027795e+03   1.0255608e+03
   1.0394495e+03   1.0805659e+03
   1.1036220e+03   1.1539059e+03
   1.1891854e+03   1.1997434e+03
   1.2839162e+03   1.2150225e+03
   1.4000379e+03   1.1814084e+03
   1.4978246e+03   1.0897334e+03
   1.5283830e+03   1.0041700e+03
   1.5283830e+03   8.8499248e+02
   1.4794896e+03   7.9637330e+02
   1.4336521e+03   7.4136829e+02
   1.3725354e+03   7.0164245e+02
   1.2991954e+03   6.7413994e+02
