   1.2538231e+03   6.5974275e+02
   1.3015038e+03   6.4890623e+02
   1.3491845e+03   6.5974275e+02
   1.4228729e+03   6.7708119e+02
   1.4878920e+03   7.2476189e+02
   1.5225689e+03   7.8327911e+02
   1.5485765e+03   8.4396364e+02
   1.5464092e+03   8.9597895e+02
   1.5334054e+03   9.5232887e+02
   1.4965612e+03   1.0086788e+03
   1.4488805e+03   1.0671960e+03
   1.3578537e+03   1.1018729e+03
   1.2863327e+03   1.0650287e+03
   1.2299828e+03   1.0216826e+03
   1.1931386e+03   9.9350765e+02
   1.1584617e+03   9.4582695e+02
   1.1367887e+03   8.7864051e+02
   1.1259522e+03   8.4179634e+02
   1.1216175e+03   8.0495216e+02
   1.1346214e+03   7.6160607e+02
   1.1476252e+03   7.2909650e+02
   1.1953059e+03   6.8575041e+02
