   1.3150358e+03   8.1277196e+02
   1.2755016e+03   8.1516797e+02
   1.2299773e+03   8.2355402e+02
   1.1976311e+03   8.4751416e+02
   1.1557009e+03   8.9064242e+02
   1.1137706e+03   9.4095872e+02
   1.0886125e+03   9.9726505e+02
   1.0730384e+03   1.0511754e+03
   1.0850185e+03   1.1218578e+03
   1.1029886e+03   1.1757681e+03
   1.1293447e+03   1.2117083e+03
   1.1425228e+03   1.2236884e+03
   1.1545029e+03   1.2476485e+03
   1.1736710e+03   1.2680147e+03
   1.2000272e+03   1.2919748e+03
   1.2299773e+03   1.3183310e+03
   1.2778976e+03   1.3446871e+03
   1.3270159e+03   1.3566672e+03
   1.3833223e+03   1.3398951e+03
   1.4228565e+03   1.3315090e+03
   1.4599947e+03   1.3195290e+03
   1.4899449e+03   1.2704107e+03
   1.5270831e+03   1.2308764e+03
   1.5498452e+03   1.1781641e+03
   1.5702114e+03   1.1254518e+03
   1.5797954e+03   1.0631554e+03
   1.5762014e+03   9.9367103e+02
   1.5486472e+03   9.4934477e+02
   1.5103110e+03   8.8824640e+02
   1.4695788e+03   8.4751416e+02
   1.4228565e+03   8.2235601e+02
   1.3641541e+03   8.1516797e+02
