   1.3511446e+03   1.2211342e+03
   1.3939263e+03   1.1661292e+03
   1.4214288e+03   1.0989009e+03
   1.4122613e+03   1.0377842e+03
   1.3969821e+03   9.8583500e+02
   1.3633679e+03   9.4916500e+02
   1.3511446e+03   9.2166249e+02
   1.3114188e+03   8.9110415e+02
   1.2472462e+03   8.8804832e+02
   1.1830737e+03   8.9415999e+02
   1.1189012e+03   9.0943916e+02
   1.0700079e+03   9.4610916e+02
   1.0302820e+03   9.9500251e+02
   1.0150029e+03   1.0500075e+03
   1.0119470e+03   1.1141800e+03
   1.0211145e+03   1.1814084e+03
   1.0516729e+03   1.2516926e+03
   1.0913987e+03   1.2822509e+03
   1.1372362e+03   1.3036417e+03
   1.2105762e+03   1.3005859e+03
   1.2869721e+03   1.2853067e+03
