   1.4489313e+03   1.1080684e+03
   1.4672663e+03   1.0286167e+03
   1.4428196e+03   9.2777416e+02
   1.4030938e+03   8.4221081e+02
   1.3205863e+03   7.9026163e+02
   1.2197437e+03   7.6887079e+02
   1.1280687e+03   7.8109413e+02
   1.0638962e+03   8.3304331e+02
   1.0027795e+03   9.1860666e+02
   9.7833286e+02   1.0255608e+03
   1.0088912e+03   1.1447384e+03
   1.0577845e+03   1.2211342e+03
   1.1311246e+03   1.2822509e+03
   1.2044646e+03   1.3005859e+03
   1.3114188e+03   1.2883626e+03
   1.3847588e+03   1.2272459e+03
   1.4183729e+03   1.1844642e+03
