   1.3624987e+03   1.0671718e+03
   1.4138448e+03   1.0460293e+03
   1.4682112e+03   1.0067646e+03
   1.5104962e+03   9.4635750e+02
   1.5346591e+03   8.7084857e+02
   1.5346591e+03   8.1648215e+02
   1.5225777e+03   7.5909536e+02
   1.4953945e+03   7.1681036e+02
   1.4440484e+03   6.7452536e+02
   1.3896820e+03   6.4734215e+02
   1.3322952e+03   6.2619965e+02
   1.2779288e+03   6.2619965e+02
   1.2114809e+03   6.4432179e+02
   1.1631552e+03   6.8056608e+02
   1.1238905e+03   7.3795286e+02
   1.1057684e+03   7.8023786e+02
   1.1027480e+03   8.3762464e+02
   1.1118091e+03   9.2219464e+02
   1.1359720e+03   9.6750000e+02
   1.1752366e+03   1.0067646e+03
   1.2145013e+03   1.0399886e+03
   1.2598066e+03   1.0671718e+03
   1.2900102e+03   1.0671718e+03
