   1.3480888e+03   7.3525662e+02
   1.2869721e+03   7.2914495e+02
   1.2411346e+03   7.3220079e+02
   1.1708504e+03   7.7498246e+02
   1.1036220e+03   8.2387581e+02
   1.0700079e+03   8.9721582e+02
   1.0638962e+03   9.7972334e+02
   1.0761195e+03   1.0500075e+03
   1.1127895e+03   1.1477942e+03
   1.1708504e+03   1.1997434e+03
   1.2503021e+03   1.2180784e+03
   1.3389213e+03   1.2058550e+03
   1.3939263e+03   1.1630734e+03
   1.4519871e+03   1.0805659e+03
   1.4825455e+03   1.0011142e+03
   1.4733780e+03   8.9721582e+02
   1.4489313e+03   8.2998747e+02
   1.4030938e+03   7.7498246e+02
