   1.4575498e+03   6.4890623e+02
   1.3925306e+03   6.5974275e+02
   1.3535191e+03   6.8575041e+02
   1.2993365e+03   7.1609267e+02
   1.2668270e+03   7.5943876e+02
   1.2429866e+03   7.8544642e+02
   1.2169789e+03   8.2879251e+02
   1.1931386e+03   9.1115008e+02
   1.2018078e+03   1.0108461e+03
   1.2321501e+03   1.0606941e+03
   1.2668270e+03   1.1018729e+03
   1.3080057e+03   1.1473863e+03
   1.3665230e+03   1.1885651e+03
   1.4380440e+03   1.2037362e+03
   1.5290708e+03   1.1928997e+03
   1.5832534e+03   1.1582228e+03
   1.6287668e+03   1.1040402e+03
   1.6699456e+03   1.0541922e+03
   1.6937860e+03   1.0021769e+03
   1.7132917e+03   9.5449617e+02
   1.7176263e+03   8.6997129e+02
   1.6894513e+03   8.0278485e+02
   1.6526072e+03   7.4643493e+02
   1.6027592e+03   6.8575041e+02
   1.5442419e+03   6.5974275e+02
