   1.3969821e+03   1.1416825e+03
   1.4367079e+03   1.0775100e+03
   1.4550429e+03   1.0041700e+03
   1.4489313e+03   9.0943916e+02
   1.4214288e+03   8.2998747e+02
   1.3633679e+03   7.7192663e+02
   1.2961396e+03   7.3831245e+02
   1.2136321e+03   7.3831245e+02
   1.1341804e+03   7.5359162e+02
   1.0700079e+03   8.0554080e+02
   1.0333379e+03   8.8804832e+02
   1.0302820e+03   9.7666750e+02
   1.0516729e+03   1.0652867e+03
   1.1066779e+03   1.1264034e+03
   1.1800179e+03   1.1722409e+03
   1.2594696e+03   1.2027992e+03
   1.3053071e+03   1.1936317e+03
