   1.3878146e+03   1.0897334e+03
   1.4305963e+03   1.0194492e+03
   1.4489313e+03   9.3082999e+02
   1.4428196e+03   8.4832248e+02
   1.4153171e+03   7.7498246e+02
   1.3786471e+03   7.2608912e+02
   1.3114188e+03   6.8941911e+02
   1.2227996e+03   6.8941911e+02
   1.1250129e+03   7.5359162e+02
   1.0761195e+03   8.5137831e+02
   1.0669520e+03   9.2471832e+02
   1.0913987e+03   1.0347283e+03
   1.1341804e+03   1.1080684e+03
   1.1952971e+03   1.1600175e+03
   1.2594696e+03   1.1844642e+03
   1.3389213e+03   1.1630734e+03
