   1.2754962e+03   8.1145407e+02
   1.2278155e+03   8.3746173e+02
   1.1758002e+03   8.6563669e+02
   1.1389560e+03   9.4149235e+02
   1.1389560e+03   1.0281845e+03
   1.1671309e+03   1.1040402e+03
   1.2083097e+03   1.1517209e+03
   1.2668270e+03   1.2080708e+03
   1.3340134e+03   1.2340785e+03
   1.4185383e+03   1.2362458e+03
   1.4878920e+03   1.1994016e+03
   1.5420746e+03   1.1538882e+03
   1.5789188e+03   1.0823671e+03
   1.5875880e+03   1.0238499e+03
   1.5724169e+03   9.2632121e+02
   1.5377400e+03   8.8297512e+02
   1.4857247e+03   8.3529442e+02
   1.4293748e+03   8.1145407e+02
   1.3600211e+03   7.9845024e+02
