   1.2408193e+03   7.1825998e+02
   1.2061424e+03   7.2692919e+02
   1.1801348e+03   7.3343111e+02
   1.1432906e+03   7.5943876e+02
   1.0912753e+03   7.9845024e+02
   1.0696022e+03   8.1795599e+02
   1.0284235e+03   8.7430590e+02
   1.0045831e+03   9.1765200e+02
   9.9157928e+02   9.5232887e+02
   9.8941197e+02   1.0260172e+03
   1.0024158e+03   1.0867018e+03
   1.0219215e+03   1.1257132e+03
   1.0392600e+03   1.1733939e+03
   1.0761042e+03   1.2275765e+03
   1.1151156e+03   1.2514169e+03
   1.1758002e+03   1.2817592e+03
   1.2299828e+03   1.3055995e+03
   1.2993365e+03   1.3099341e+03
   1.3513518e+03   1.2709226e+03
   1.3903633e+03   1.2340785e+03
   1.4185383e+03   1.2080708e+03
   1.4445459e+03   1.1582228e+03
   1.4727209e+03   1.1040402e+03
   1.4922266e+03   1.0606941e+03
   1.4922266e+03   1.0000096e+03
   1.4943939e+03   9.3065582e+02
   1.4900593e+03   8.7213860e+02
   1.4813901e+03   8.2662520e+02
   1.4445459e+03   7.9628294e+02
   1.3795268e+03   7.5943876e+02
   1.3296788e+03   7.4426763e+02
   1.2928346e+03   7.3343111e+02
