   1.4733780e+03   1.2791951e+03
   1.4733780e+03   1.1875200e+03
   1.4367079e+03   1.1019567e+03
   1.3847588e+03   1.0408400e+03
   1.2930838e+03   9.8889084e+02
   1.1891854e+03   1.0041700e+03
   1.1158454e+03   1.0316725e+03
   1.0455612e+03   1.0866775e+03
   1.0211145e+03   1.1814084e+03
   1.0211145e+03   1.2853067e+03
   1.0761195e+03   1.3555909e+03
   1.1219571e+03   1.4197634e+03
   1.2136321e+03   1.4503218e+03
   1.2869721e+03   1.4625451e+03
   1.3755913e+03   1.4197634e+03
   1.4336521e+03   1.3678142e+03
