   1.4856013e+03   7.7803830e+02
   1.4244846e+03   7.6275913e+02
   1.3358654e+03   7.6581496e+02
   1.2655812e+03   8.1165247e+02
   1.2105762e+03   8.7888082e+02
   1.1769621e+03   9.6444417e+02
   1.1739062e+03   1.0225050e+03
   1.1891854e+03   1.0897334e+03
   1.2166879e+03   1.1447384e+03
   1.2564137e+03   1.2180784e+03
   1.3175304e+03   1.2578042e+03
   1.3817029e+03   1.2944742e+03
   1.4550429e+03   1.3036417e+03
   1.5161596e+03   1.2975301e+03
   1.5803321e+03   1.2516926e+03
   1.6261696e+03   1.1905759e+03
   1.6689513e+03   1.1141800e+03
   1.6842305e+03   1.0194492e+03
   1.6597838e+03   9.4305333e+02
   1.6108905e+03   8.8193665e+02
   1.5711646e+03   8.3609914e+02
