   1.2993365e+03   8.7213860e+02
   1.3340134e+03   8.5263286e+02
   1.4055344e+03   8.5263286e+02
   1.4683863e+03   8.6997129e+02
   1.5204016e+03   9.0898278e+02
   1.5464092e+03   9.7400191e+02
   1.5399073e+03   1.0260172e+03
   1.5269035e+03   1.0888691e+03
   1.5073978e+03   1.1538882e+03
   1.4748882e+03   1.1994016e+03
   1.4055344e+03   1.2340785e+03
   1.3383480e+03   1.2254092e+03
   1.2646596e+03   1.1907324e+03
   1.2104770e+03   1.1495536e+03
   1.1801348e+03   1.0953710e+03
   1.1888040e+03   1.0065115e+03
   1.2191463e+03   9.5232887e+02
   1.2473212e+03   8.9814625e+02
