   1.2869898e+03   6.7452536e+02
   1.2175216e+03   6.2619965e+02
   1.1540941e+03   6.2015893e+02
   1.0816055e+03   6.3526072e+02
   1.0423409e+03   6.7754572e+02
   9.9703554e+02   7.1076965e+02
   9.7589304e+02   7.5305465e+02
   9.7589304e+02   8.1044143e+02
   9.7589304e+02   8.9199107e+02
   1.0000559e+03   9.5239821e+02
   1.0453613e+03   1.0067646e+03
   1.0936870e+03   1.0581107e+03
   1.1359720e+03   1.0883143e+03
   1.2175216e+03   1.0822736e+03
   1.2839695e+03   1.0369682e+03
   1.3353155e+03   9.7958143e+02
   1.3745802e+03   9.2521500e+02
   1.3866616e+03   8.7084857e+02
   1.3655191e+03   7.8627857e+02
   1.3504173e+03   7.5003429e+02
