   1.4077018e+03   6.1206205e+02
   1.3231769e+03   5.7088327e+02
   1.2429866e+03   5.7955248e+02
   1.1801348e+03   6.2073127e+02
   1.1562944e+03   6.7491388e+02
   1.1367887e+03   7.4426763e+02
   1.1194502e+03   8.3312712e+02
   1.1302868e+03   9.2198660e+02
   1.1454579e+03   1.0000096e+03
   1.2126443e+03   1.0780325e+03
   1.2950019e+03   1.1235459e+03
   1.3773595e+03   1.1300478e+03
   1.4488805e+03   1.0953710e+03
   1.5117324e+03   1.0433557e+03
   1.5442419e+03   9.6750000e+02
   1.5680823e+03   8.8730973e+02
   1.5572458e+03   7.9845024e+02
   1.5182343e+03   7.2259458e+02
   1.4878920e+03   6.7491388e+02
