   1.4185383e+03   7.5293685e+02
   1.4705536e+03   7.5293685e+02
   1.5485765e+03   7.6594068e+02
   1.6157630e+03   7.8327911e+02
   1.6721129e+03   8.0928677e+02
   1.7284628e+03   8.5046555e+02
   1.7609724e+03   9.0248086e+02
   1.7761435e+03   9.4582695e+02
   1.7718089e+03   1.0498576e+03
   1.7262955e+03   1.1582228e+03
   1.6699456e+03   1.2232419e+03
   1.5832534e+03   1.2579188e+03
   1.4813901e+03   1.2817592e+03
   1.4033671e+03   1.2557515e+03
   1.3491845e+03   1.2102381e+03
   1.3058384e+03   1.1690593e+03
   1.2863327e+03   1.1040402e+03
   1.2581577e+03   1.0476903e+03
   1.2494885e+03   9.8267113e+02
   1.2689943e+03   9.1115008e+02
   1.3015038e+03   8.5480016e+02
   1.3578537e+03   7.9628294e+02
