   1.2451539e+03   8.7213860e+02
   1.2148116e+03   8.7647321e+02
   1.1909713e+03   8.8947704e+02
   1.1692982e+03   9.1331739e+02
   1.1692982e+03   9.4365965e+02
   1.1844694e+03   9.9134035e+02
   1.2018078e+03   1.0216826e+03
   1.2299828e+03   1.0541922e+03
   1.2559904e+03   1.0606941e+03
   1.2971692e+03   1.0585268e+03
   1.3296788e+03   1.0520249e+03
   1.3491845e+03   1.0173480e+03
   1.3491845e+03   9.6750000e+02
   1.3361807e+03   9.4149235e+02
   1.3166750e+03   9.1115008e+02
   1.2863327e+03   8.7213860e+02
