   1.3253442e+03   9.9350765e+02
   1.3188423e+03   9.7183461e+02
   1.2950019e+03   9.5232887e+02
   1.2689943e+03   9.5232887e+02
   1.2473212e+03   9.5883078e+02
   1.2234809e+03   9.7183461e+02
   1.2104770e+03   1.0021769e+03
   1.2104770e+03   1.0108461e+03
   1.2104770e+03   1.0216826e+03
   1.2321501e+03   1.0433557e+03
   1.2494885e+03   1.0715306e+03
   1.2668270e+03   1.0780325e+03
   1.2971692e+03   1.0888691e+03
   1.3253442e+03   1.0736979e+03
   1.3253442e+03   1.0476903e+03
   1.3231769e+03   1.0238499e+03
