   1.2018078e+03   6.0772744e+02
   1.2494885e+03   5.8822170e+02
   1.3015038e+03   5.9255631e+02
   1.3730249e+03   5.9689092e+02
   1.4358767e+03   6.4023701e+02
   1.4900593e+03   7.1825998e+02
   1.5312381e+03   7.9628294e+02
   1.5269035e+03   8.8730973e+02
   1.4965612e+03   9.5016156e+02
   1.4337094e+03   1.0021769e+03
   1.3578537e+03   1.0498576e+03
   1.2429866e+03   1.0585268e+03
   1.1692982e+03   1.0195153e+03
   1.0999445e+03   9.6533270e+02
   1.0435946e+03   8.6346938e+02
   1.0522638e+03   7.8327911e+02
   1.0826061e+03   6.9008502e+02
   1.1519598e+03   6.3806971e+02
