   1.1444253e+03   1.2697895e+03
   1.1417339e+03   1.3047779e+03
   1.1498082e+03   1.3316920e+03
   1.1726852e+03   1.3545691e+03
   1.1969079e+03   1.3720632e+03
   1.2386248e+03   1.3855203e+03
   1.2897616e+03   1.3814832e+03
   1.3287871e+03   1.3734090e+03
   1.3583927e+03   1.3572605e+03
   1.3826154e+03   1.3101607e+03
   1.3933811e+03   1.2792095e+03
   1.3906896e+03   1.2442211e+03
   1.3866525e+03   1.2051956e+03
   1.3745412e+03   1.1850100e+03
   1.3449356e+03   1.1648244e+03
   1.2991816e+03   1.1446388e+03
   1.2749589e+03   1.1325275e+03
   1.2345877e+03   1.1298361e+03
   1.1901794e+03   1.1392560e+03
   1.1646109e+03   1.1580959e+03
   1.1524996e+03   1.1903928e+03
   1.1417339e+03   1.2213441e+03
