   1.2819981e+03   8.3962903e+02
   1.2581577e+03   8.4179634e+02
   1.2083097e+03   8.4613094e+02
   1.1779675e+03   8.6563669e+02
   1.1584617e+03   8.8514243e+02
   1.1411233e+03   9.1765200e+02
   1.1237849e+03   9.5232887e+02
   1.1281195e+03   1.0173480e+03
   1.1454579e+03   1.0476903e+03
   1.1736329e+03   1.0715306e+03
   1.2191463e+03   1.0823671e+03
   1.2776635e+03   1.0823671e+03
   1.3253442e+03   1.0780325e+03
   1.3621884e+03   1.0563595e+03
   1.3903633e+03   1.0216826e+03
   1.3968652e+03   9.6533270e+02
   1.3795268e+03   9.1765200e+02
   1.3513518e+03   8.7864051e+02
   1.3340134e+03   8.4829825e+02
