   1.4250402e+03   5.9905822e+02
   1.3968652e+03   6.1856397e+02
   1.3730249e+03   6.7491388e+02
   1.3665230e+03   7.1609267e+02
   1.3838614e+03   7.5943876e+02
   1.4033671e+03   7.9194833e+02
   1.4337094e+03   8.2662520e+02
   1.4640517e+03   8.5480016e+02
   1.5399073e+03   8.5263286e+02
   1.5854207e+03   8.1795599e+02
   1.6222649e+03   7.8327911e+02
   1.6439379e+03   7.3776572e+02
   1.6331014e+03   6.7924849e+02
   1.6070938e+03   6.4457162e+02
   1.5745842e+03   6.1856397e+02
   1.5312381e+03   5.9905822e+02
   1.4770555e+03   5.9905822e+02
