   1.2859380e+03   9.3246743e+02
   1.2687319e+03   9.4475749e+02
   1.2552129e+03   9.6073456e+02
   1.2355488e+03   9.8162766e+02
   1.2281747e+03   1.0037498e+03
   1.2281747e+03   1.0172688e+03
   1.2380068e+03   1.0332459e+03
   1.2515258e+03   1.0393909e+03
   1.2662739e+03   1.0443070e+03
   1.2883960e+03   1.0479940e+03
   1.3117471e+03   1.0443070e+03
   1.3314112e+03   1.0234139e+03
   1.3375562e+03   9.9268871e+02
   1.3363272e+03   9.7548263e+02
   1.3264952e+03   9.5213152e+02
   1.3080601e+03   9.3984146e+02
