   1.3481413e+03   7.1225576e+02
   1.3791327e+03   7.0782842e+02
   1.4123377e+03   7.1336259e+02
   1.4676795e+03   7.4435396e+02
   1.5108460e+03   7.7091799e+02
   1.5495852e+03   8.1740504e+02
   1.5717219e+03   8.5725109e+02
   1.5894313e+03   8.9931080e+02
   1.6027133e+03   9.4358419e+02
   1.6038201e+03   1.0055669e+03
   1.5850039e+03   1.0653360e+03
   1.5595467e+03   1.1107162e+03
   1.5351964e+03   1.1439212e+03
   1.5108460e+03   1.1527759e+03
   1.4920298e+03   1.1715921e+03
   1.4698931e+03   1.1992630e+03
   1.4090172e+03   1.2258270e+03
   1.3260046e+03   1.2180792e+03
   1.2706629e+03   1.1926220e+03
   1.2208553e+03   1.1594169e+03
   1.1732615e+03   1.0919000e+03
   1.1577658e+03   1.0487335e+03
   1.1466974e+03   9.9671225e+02
   1.1256676e+03   9.5022519e+02
   1.1267744e+03   8.9709713e+02
   1.1411633e+03   8.3622123e+02
   1.1588726e+03   8.0080253e+02
   1.2064665e+03   7.6095648e+02
   1.2407784e+03   7.4214029e+02
   1.2983338e+03   7.2111043e+02
