   1.1841988e+03   1.2114300e+03
   1.1671313e+03   1.2011895e+03
   1.1546151e+03   1.1875355e+03
   1.1341341e+03   1.1647789e+03
   1.1273071e+03   1.1147142e+03
   1.1238936e+03   1.0839927e+03
   1.1443746e+03   1.0418929e+03
   1.1671313e+03   1.0134470e+03
   1.2194716e+03   9.9865521e+02
   1.2524688e+03   1.0054822e+03
   1.3048091e+03   1.0191362e+03
   1.3264279e+03   1.0316524e+03
   1.3491846e+03   1.0612360e+03
   1.3548738e+03   1.1033359e+03
   1.3571494e+03   1.1374709e+03
   1.3434954e+03   1.1841220e+03
   1.3150496e+03   1.2080165e+03
   1.2934308e+03   1.2284975e+03
   1.2592958e+03   1.2455650e+03
   1.2285743e+03   1.2398759e+03
   1.2012663e+03   1.2273597e+03
