   1.3022513e+03   1.0225050e+03
   1.3419771e+03   9.2777416e+02
   1.3236421e+03   8.2081997e+02
   1.2839162e+03   7.4442412e+02
   1.2258554e+03   6.7719578e+02
   1.1616829e+03   6.4358160e+02
   1.0669520e+03   6.3746994e+02
   9.9055619e+02   7.0164245e+02
   9.3249535e+02   7.6887079e+02
   9.0499284e+02   8.4526664e+02
   9.2332784e+02   9.5222083e+02
   9.6916535e+02   1.0347283e+03
   1.0547287e+03   1.0989009e+03
   1.1494596e+03   1.1111242e+03
   1.2197437e+03   1.0958450e+03
   1.2197437e+03   1.0958450e+03
