   1.5528296e+03   1.0500075e+03
   1.5742205e+03   1.0041700e+03
   1.5894996e+03   9.4610916e+02
   1.5894996e+03   8.8193665e+02
   1.5681088e+03   8.3915497e+02
   1.5528296e+03   7.7498246e+02
   1.5131038e+03   7.3220079e+02
   1.4703221e+03   6.9858661e+02
   1.4214288e+03   6.6802827e+02
   1.3694796e+03   6.5580494e+02
   1.3205863e+03   6.7108411e+02
   1.2594696e+03   6.9858661e+02
   1.2044646e+03   7.2914495e+02
   1.1433479e+03   7.8109413e+02
   1.1219571e+03   8.2998747e+02
   1.1158454e+03   8.7888082e+02
   1.1127895e+03   9.3999749e+02
   1.1189012e+03   1.0011142e+03
   1.1341804e+03   1.0530634e+03
   1.1677946e+03   1.0989009e+03
   1.2075204e+03   1.1325150e+03
   1.2594696e+03   1.1630734e+03
   1.3144746e+03   1.1722409e+03
   1.3817029e+03   1.1630734e+03
   1.4519871e+03   1.1386267e+03
   1.4764338e+03   1.1233475e+03
   1.5131038e+03   1.0866775e+03
