   1.2668270e+03   7.8544642e+02
   1.2148116e+03   8.0061755e+02
   1.1584617e+03   8.4613094e+02
   1.1367887e+03   8.8514243e+02
   1.1021118e+03   9.4799426e+02
   1.0977772e+03   1.0173480e+03
   1.1259522e+03   1.0910364e+03
   1.1779675e+03   1.1343825e+03
   1.2256482e+03   1.1885651e+03
   1.2776635e+03   1.2059035e+03
   1.3426826e+03   1.2124054e+03
   1.4055344e+03   1.1842305e+03
   1.4640517e+03   1.1235459e+03
   1.4922266e+03   1.0671960e+03
   1.5052305e+03   9.7833652e+02
   1.4987285e+03   9.1765200e+02
   1.4727209e+03   8.5696747e+02
   1.4380440e+03   8.2662520e+02
   1.3925306e+03   7.9628294e+02
   1.3513518e+03   7.8761372e+02
