   1.2213136e+03   6.8141580e+02
   1.1519598e+03   7.0092154e+02
   1.0891080e+03   7.3776572e+02
   1.0349254e+03   7.9628294e+02
   1.0110850e+03   8.5913477e+02
   9.9157928e+02   9.2848852e+02
   1.0024158e+03   1.0108461e+03
   1.0370927e+03   1.0997056e+03
   1.0912753e+03   1.1387171e+03
   1.1584617e+03   1.1928997e+03
   1.2451539e+03   1.2210746e+03
   1.3361807e+03   1.2210746e+03
   1.4228729e+03   1.1712266e+03
   1.5052305e+03   1.0953710e+03
   1.5290708e+03   1.0541922e+03
   1.5355727e+03   9.8267113e+02
   1.5290708e+03   9.1548469e+02
   1.5073978e+03   8.4613094e+02
   1.4727209e+03   7.9628294e+02
   1.4272075e+03   7.4210033e+02
   1.3578537e+03   7.0092154e+02
   1.2993365e+03   6.9008502e+02
