   1.2109772e+03   9.0481084e+02
   1.1974983e+03   9.0577362e+02
   1.1811310e+03   9.1058753e+02
   1.1763171e+03   9.2021535e+02
   1.1686148e+03   9.2984317e+02
   1.1638009e+03   9.4524769e+02
   1.1666893e+03   9.6546611e+02
   1.1734287e+03   9.7990784e+02
   1.1907588e+03   9.8761009e+02
   1.2071261e+03   9.9146122e+02
   1.2234934e+03   9.9146122e+02
   1.2494885e+03   9.8279618e+02
   1.2600791e+03   9.6642889e+02
   1.2610419e+03   9.4909881e+02
   1.2533396e+03   9.2214092e+02
   1.2379351e+03   9.1155032e+02
   1.2254190e+03   9.0673641e+02
