   1.2863327e+03   7.0525615e+02
   1.3513518e+03   7.1825998e+02
   1.4033671e+03   7.4210033e+02
   1.4423786e+03   7.8327911e+02
   1.4705536e+03   8.3529442e+02
   1.4835574e+03   8.9814625e+02
   1.4857247e+03   9.6750000e+02
   1.4618844e+03   1.0390211e+03
   1.4163710e+03   1.0997056e+03
   1.3621884e+03   1.1473863e+03
   1.2993365e+03   1.1842305e+03
   1.2299828e+03   1.1972343e+03
   1.1606290e+03   1.1733939e+03
   1.1042791e+03   1.1365498e+03
   1.0804388e+03   1.0888691e+03
   1.0696022e+03   1.0130134e+03
   1.0696022e+03   9.4582695e+02
   1.0782715e+03   8.8080782e+02
   1.1107810e+03   8.1795599e+02
   1.1302868e+03   7.6160607e+02
   1.1627963e+03   7.3776572e+02
   1.2083097e+03   7.1175806e+02
