   1.2974423e+03   7.5777812e+02
   1.2974423e+03   7.5777812e+02
   1.2629718e+03   7.5777812e+02
   1.2376258e+03   7.6588883e+02
   1.2214044e+03   7.8211024e+02
   1.2021415e+03   7.9630398e+02
   1.1899754e+03   8.2469147e+02
   1.1818647e+03   8.5409278e+02
   1.1818647e+03   8.8045259e+02
   1.1920031e+03   9.0681239e+02
   1.2041692e+03   9.3722755e+02
   1.2214044e+03   9.4939361e+02
   1.2528334e+03   9.6460119e+02
   1.2883178e+03   9.7575342e+02
   1.3187329e+03   9.6460119e+02
   1.3187329e+03   9.6460119e+02
   1.3450927e+03   9.5953200e+02
   1.3613141e+03   9.4128290e+02
   1.3815909e+03   9.0478471e+02
   1.3826048e+03   8.7234188e+02
   1.3815909e+03   8.2671914e+02
   1.3724664e+03   8.0137318e+02
   1.3603003e+03   7.7906873e+02
   1.3329267e+03   7.6183347e+02
