   1.4489313e+03   1.1019567e+03
   1.4764338e+03   1.0225050e+03
   1.4672663e+03   9.3694166e+02
   1.4305963e+03   8.6054581e+02
   1.3664238e+03   7.9026163e+02
   1.3053071e+03   7.3831245e+02
   1.2136321e+03   7.0469828e+02
   1.1066779e+03   7.2303329e+02
   1.0272262e+03   7.7803830e+02
   9.5694202e+02   8.5137831e+02
   9.4166285e+02   9.6138833e+02
   9.5694202e+02   1.0622309e+03
   1.0027795e+03   1.1477942e+03
   1.0638962e+03   1.2150225e+03
   1.1372362e+03   1.2486367e+03
   1.2227996e+03   1.2516926e+03
   1.3236421e+03   1.2394692e+03
   1.3878146e+03   1.1844642e+03
