   1.3600211e+03   7.4426763e+02
   1.3015038e+03   7.5510415e+02
   1.2624923e+03   7.8111181e+02
   1.2256482e+03   8.0711946e+02
   1.2061424e+03   8.4179634e+02
   1.1888040e+03   8.9164434e+02
   1.1627963e+03   9.5232887e+02
   1.1541271e+03   1.0021769e+03
   1.1519598e+03   1.0715306e+03
   1.1736329e+03   1.1278805e+03
   1.2061424e+03   1.1842305e+03
   1.2364847e+03   1.2340785e+03
   1.2798308e+03   1.2644207e+03
   1.3491845e+03   1.2600861e+03
   1.3925306e+03   1.2384131e+03
   1.4228729e+03   1.2015689e+03
   1.4705536e+03   1.1690593e+03
   1.5052305e+03   1.1127094e+03
   1.5485765e+03   1.0758652e+03
   1.5594131e+03   1.0043442e+03
   1.5572458e+03   9.2415391e+02
   1.5355727e+03   8.6563669e+02
   1.5030632e+03   8.1362138e+02
   1.4532151e+03   7.8544642e+02
   1.4272075e+03   7.5293685e+02
