   1.4380077e+03   1.0611311e+03
   1.3745802e+03   1.1064364e+03
   1.3020916e+03   1.1124771e+03
   1.2416845e+03   1.0852939e+03
   1.1842977e+03   1.0369682e+03
   1.1450330e+03   9.7656107e+02
   1.1148295e+03   9.1313357e+02
   1.0997277e+03   8.5272643e+02
   1.1087888e+03   7.9231929e+02
   1.1329516e+03   7.4399357e+02
   1.1631552e+03   6.9566786e+02
   1.2205420e+03   6.4432179e+02
   1.2749084e+03   6.2317929e+02
   1.3383359e+03   6.1411822e+02
   1.3957227e+03   6.1411822e+02
   1.4561298e+03   6.5036251e+02
   1.4923741e+03   6.8962715e+02
   1.5195573e+03   7.5607500e+02
   1.5225777e+03   8.2252286e+02
   1.5165370e+03   8.9803179e+02
   1.4893537e+03   9.9166286e+02
