   1.4856013e+03   1.1294592e+03
   1.5192155e+03   1.0805659e+03
   1.5222713e+03   1.0163933e+03
   1.5069921e+03   9.3694166e+02
   1.4764338e+03   8.7582498e+02
   1.4275404e+03   8.1165247e+02
   1.3358654e+03   7.9637330e+02
   1.2594696e+03   8.0554080e+02
   1.2014087e+03   8.5443414e+02
   1.1616829e+03   9.2777416e+02
   1.1586271e+03   1.0163933e+03
   1.1891854e+03   1.1019567e+03
   1.2503021e+03   1.1539059e+03
   1.3144746e+03   1.1936317e+03
   1.3847588e+03   1.1936317e+03
   1.4305963e+03   1.1722409e+03
