   1.2451539e+03   6.8575041e+02
   1.2104770e+03   6.9875423e+02
   1.1649636e+03   7.1825998e+02
   1.1281195e+03   7.4643493e+02
   1.1064464e+03   7.7677720e+02
   1.0934426e+03   8.2229059e+02
   1.0891080e+03   8.6997129e+02
   1.0869407e+03   9.1548469e+02
   1.0847734e+03   9.6316539e+02
   1.1021118e+03   1.0216826e+03
   1.1389560e+03   1.0715306e+03
   1.1844694e+03   1.1105421e+03
   1.2278155e+03   1.1257132e+03
   1.2906673e+03   1.1300478e+03
   1.3578537e+03   1.0932037e+03
   1.4077018e+03   1.0758652e+03
   1.4488805e+03   1.0390211e+03
   1.5008958e+03   9.6750000e+02
   1.5117324e+03   9.2198660e+02
   1.5182343e+03   8.8947704e+02
   1.5030632e+03   8.5913477e+02
   1.5030632e+03   8.2012329e+02
   1.4965612e+03   7.8327911e+02
   1.4683863e+03   7.3993302e+02
   1.4098691e+03   7.0742345e+02
   1.3535191e+03   6.8575041e+02
   1.3101730e+03   6.7491388e+02
