   1.5344946e+03   8.1776414e+02
   1.4703221e+03   7.8720580e+02
   1.3847588e+03   8.0859664e+02
   1.3205863e+03   8.4526664e+02
   1.2655812e+03   9.1249499e+02
   1.2227996e+03   9.9194667e+02
   1.2166879e+03   1.0836217e+03
   1.2716929e+03   1.2058550e+03
   1.3358654e+03   1.2578042e+03
   1.4092054e+03   1.2883626e+03
   1.5100480e+03   1.2639159e+03
   1.5833880e+03   1.1783525e+03
   1.6322813e+03   1.1111242e+03
   1.6475605e+03   1.0347283e+03
   1.6383930e+03   9.3388583e+02
   1.6139463e+03   8.8499248e+02
