   1.2364847e+03   9.7616922e+02
   1.1844694e+03   9.8917305e+02
   1.1302868e+03   1.0021769e+03
   1.0869407e+03   1.0390211e+03
   1.0565984e+03   1.0780325e+03
   1.0240888e+03   1.1235459e+03
   1.0154196e+03   1.2080708e+03
   1.0219215e+03   1.2817592e+03
   1.0435946e+03   1.3316072e+03
   1.0782715e+03   1.3901244e+03
   1.1259522e+03   1.4334705e+03
   1.1736329e+03   1.4659800e+03
   1.2473212e+03   1.4811512e+03
   1.3080057e+03   1.4746493e+03
   1.3556864e+03   1.4508089e+03
   1.3990325e+03   1.4096301e+03
   1.4380440e+03   1.3684513e+03
   1.4770555e+03   1.3164360e+03
   1.4835574e+03   1.2275765e+03
   1.4683863e+03   1.1582228e+03
   1.4250402e+03   1.0997056e+03
   1.4033671e+03   1.0715306e+03
   1.3621884e+03   1.0303518e+03
   1.2971692e+03   9.9784226e+02
