   1.2900279e+03   8.6054581e+02
   1.2227996e+03   8.3609914e+02
   1.1280687e+03   8.4221081e+02
   1.0455612e+03   8.8499248e+02
   9.9666786e+02   9.3082999e+02
   9.7222119e+02   9.9500251e+02
   9.5999785e+02   1.0775100e+03
   9.7833286e+02   1.1691850e+03
   1.0119470e+03   1.2394692e+03
   1.0608404e+03   1.2975301e+03
   1.1250129e+03   1.3403117e+03
   1.1830737e+03   1.3555909e+03
   1.2747487e+03   1.3403117e+03
   1.3266979e+03   1.3128092e+03
   1.3725354e+03   1.2425251e+03
   1.4183729e+03   1.1752967e+03
   1.4367079e+03   1.1264034e+03
   1.4397638e+03   1.0713984e+03
   1.4275404e+03   1.0163933e+03
   1.4000379e+03   9.6138833e+02
   1.3694796e+03   9.1555082e+02
