   1.1541271e+03   7.6377337e+02
   1.1064464e+03   7.9845024e+02
   1.0934426e+03   8.8297512e+02
   1.0891080e+03   9.5016156e+02
   1.1129483e+03   1.0238499e+03
   1.1389560e+03   1.0932037e+03
   1.2018078e+03   1.1473863e+03
   1.2559904e+03   1.1755612e+03
   1.3491845e+03   1.1994016e+03
   1.4250402e+03   1.1820632e+03
   1.5008958e+03   1.1387171e+03
   1.5377400e+03   1.0715306e+03
   1.5810861e+03   9.7833652e+02
   1.5832534e+03   8.7213860e+02
   1.5290708e+03   7.5293685e+02
   1.4510478e+03   6.8141580e+02
   1.3470172e+03   6.7491388e+02
   1.2603250e+03   6.8141580e+02
   1.2039751e+03   7.2476189e+02
