   1.2765011e+03   6.6468535e+02
   1.2488054e+03   6.6279701e+02
   1.2091502e+03   6.7538597e+02
   1.1619416e+03   6.9363997e+02
   1.1329870e+03   7.2007679e+02
   1.1040323e+03   7.5532589e+02
   1.0851489e+03   7.8994554e+02
   1.0706716e+03   8.2141795e+02
   1.0637477e+03   8.6736767e+02
   1.0631182e+03   9.0828180e+02
   1.0750777e+03   9.4604869e+02
   1.1002557e+03   9.7248552e+02
   1.1329870e+03   1.0115113e+03
   1.1468348e+03   1.0322831e+03
   1.1732716e+03   1.0593494e+03
   1.2110385e+03   1.0731972e+03
   1.2513232e+03   1.0927101e+03
   1.2783895e+03   1.0977457e+03
   1.3199331e+03   1.1002635e+03
   1.3570705e+03   1.0914512e+03
   1.4017613e+03   1.0624966e+03
   1.4174975e+03   1.0348009e+03
   1.4363810e+03   1.0121408e+03
   1.4502288e+03   9.9703400e+02
   1.4678534e+03   9.7940945e+02
   1.4766657e+03   9.2842414e+02
   1.4867368e+03   8.9128670e+02
   1.4942902e+03   8.2834188e+02
   1.4980669e+03   7.9120444e+02
   1.4835896e+03   7.6036148e+02
   1.4584117e+03   7.2133569e+02
   1.4168681e+03   6.9363997e+02
   1.3847662e+03   6.8168045e+02
   1.3438521e+03   6.6279701e+02
   1.3086030e+03   6.5902032e+02
