   1.3262545e+03   9.0407250e+02
   1.3020916e+03   9.2219464e+02
   1.2839695e+03   9.7354071e+02
   1.2749084e+03   1.0309275e+03
   1.2839695e+03   1.0822736e+03
   1.3232341e+03   1.1185179e+03
   1.3715598e+03   1.1336196e+03
   1.4138448e+03   1.1396604e+03
   1.4742520e+03   1.1034161e+03
   1.5135166e+03   1.0732125e+03
   1.5437202e+03   1.0248868e+03
   1.5437202e+03   9.6750000e+02
   1.5225777e+03   9.1011322e+02
   1.4863334e+03   8.8293000e+02
   1.4289466e+03   8.7084857e+02
   1.3866616e+03   8.7688929e+02
