   1.5192155e+03   1.0805659e+03
   1.5436621e+03   1.0041700e+03
   1.5375505e+03   9.0027165e+02
   1.5069921e+03   8.3609914e+02
   1.4703221e+03   7.7192663e+02
   1.4030938e+03   7.3525662e+02
   1.3266979e+03   7.1692162e+02
   1.2289112e+03   7.5359162e+02
   1.1494596e+03   8.2081997e+02
   1.1005662e+03   8.8499248e+02
   1.0852870e+03   9.7055583e+02
   1.1005662e+03   1.0561192e+03
   1.1555712e+03   1.1355709e+03
   1.2350229e+03   1.1997434e+03
   1.3114188e+03   1.2119667e+03
   1.4122613e+03   1.2058550e+03
   1.4642105e+03   1.1630734e+03
