   1.1237849e+03   7.1175806e+02
   1.0674349e+03   7.4643493e+02
   1.0110850e+03   7.8978103e+02
   9.6773893e+02   8.5696747e+02
   9.5690240e+02   9.4365965e+02
   9.6557162e+02   1.0238499e+03
   9.7207353e+02   1.0780325e+03
   1.0067504e+03   1.1278805e+03
   1.0782715e+03   1.1582228e+03
   1.1562944e+03   1.1712266e+03
   1.2278155e+03   1.1690593e+03
   1.3101730e+03   1.1538882e+03
   1.3686903e+03   1.1040402e+03
   1.4163710e+03   1.0390211e+03
   1.4293748e+03   9.3715774e+02
   1.4185383e+03   8.3962903e+02
   1.3708576e+03   7.6810798e+02
   1.3080057e+03   7.3126380e+02
   1.2343174e+03   7.1175806e+02
