   1.2441904e+03   6.8025161e+02
   1.2044646e+03   7.0775412e+02
   1.1677946e+03   7.6887079e+02
   1.1616829e+03   8.4832248e+02
   1.1616829e+03   9.2471832e+02
   1.1891854e+03   1.0041700e+03
   1.2197437e+03   1.0683425e+03
   1.2869721e+03   1.1294592e+03
   1.3450329e+03   1.1539059e+03
   1.4397638e+03   1.1202917e+03
   1.5008805e+03   1.0713984e+03
   1.5650530e+03   9.8277917e+02
   1.5772763e+03   8.8499248e+02
   1.5558855e+03   7.9331747e+02
   1.5253271e+03   7.1692162e+02
   1.4642105e+03   6.7413994e+02
   1.3908704e+03   6.4969327e+02
   1.3175304e+03   6.4969327e+02
