   1.1134991e+03   7.2851831e+02
   1.1273279e+03   7.2506112e+02
   1.0841129e+03   7.4234710e+02
   1.0166976e+03   7.7000467e+02
   9.7693984e+02   8.3396281e+02
   9.4755367e+02   9.0483533e+02
   9.4236787e+02   9.8953665e+02
   9.4928226e+02   1.0725094e+03
   1.0045974e+03   1.1537535e+03
   1.0737413e+03   1.2194402e+03
   1.1653570e+03   1.2540122e+03
   1.2604299e+03   1.2246260e+03
   1.2984591e+03   1.2021542e+03
   1.3364883e+03   1.1744967e+03
   1.3520457e+03   1.1451105e+03
   1.3745174e+03   1.1260959e+03
   1.3952606e+03   1.0811524e+03
   1.4142752e+03   1.0465804e+03
   1.4332898e+03   9.6706487e+02
   1.4142752e+03   9.0656393e+02
   1.3779746e+03   8.2359122e+02
   1.3347597e+03   7.7346187e+02
   1.3122879e+03   7.4926149e+02
   1.2587014e+03   7.1987532e+02
   1.1999290e+03   7.1468953e+02
