   1.3708576e+03   9.6966730e+02
   1.3990325e+03   9.7400191e+02
   1.4315421e+03   9.8050383e+02
   1.4705536e+03   1.0043442e+03
   1.5052305e+03   1.0390211e+03
   1.5138997e+03   1.1105421e+03
   1.4922266e+03   1.1647247e+03
   1.4532151e+03   1.2037362e+03
   1.4163710e+03   1.2037362e+03
   1.3795268e+03   1.2037362e+03
   1.3513518e+03   1.1907324e+03
   1.3080057e+03   1.1863978e+03
   1.2798308e+03   1.1603901e+03
   1.2689943e+03   1.1408844e+03
   1.2646596e+03   1.0867018e+03
   1.2689943e+03   1.0476903e+03
   1.2841654e+03   1.0151807e+03
   1.2971692e+03   1.0000096e+03
