   1.1580242e+03   7.5654242e+02
   1.1262524e+03   7.6617024e+02
   1.0954434e+03   7.8157475e+02
   1.0684855e+03   8.0468152e+02
   1.0453787e+03   8.2778828e+02
   1.0203464e+03   8.6052287e+02
   1.0087930e+03   8.9807137e+02
   1.0010908e+03   9.3754543e+02
   1.0001280e+03   9.8568453e+02
   1.0126442e+03   1.0299725e+03
   1.0376765e+03   1.0675210e+03
   1.0732994e+03   1.0973672e+03
   1.1108479e+03   1.1406924e+03
   1.1560987e+03   1.1676503e+03
   1.2196423e+03   1.1888315e+03
   1.2677814e+03   1.1965338e+03
   1.3293994e+03   1.1705387e+03
   1.3630968e+03   1.1435808e+03
   1.3900547e+03   1.1118090e+03
   1.4083475e+03   1.0723349e+03
   1.4199009e+03   1.0309353e+03
   1.4199009e+03   9.8761009e+02
   1.4054592e+03   9.4139656e+02
   1.3948686e+03   8.8844355e+02
   1.3650224e+03   8.2201159e+02
   1.3303622e+03   7.9120257e+02
   1.2908881e+03   7.6713302e+02
   1.2369724e+03   7.4691460e+02
   1.1965355e+03   7.4884016e+02
