   1.2473212e+03   7.7894450e+02
   1.2018078e+03   7.7894450e+02
   1.1649636e+03   8.0061755e+02
   1.1237849e+03   8.3312712e+02
   1.0826061e+03   8.8514243e+02
   1.0457619e+03   9.2632121e+02
   1.0219215e+03   9.6750000e+02
   1.0045831e+03   1.0368537e+03
   9.9808119e+02   1.0845344e+03
   1.0067504e+03   1.1408844e+03
   1.0414273e+03   1.1907324e+03
   1.0826061e+03   1.2275765e+03
   1.1519598e+03   1.2492496e+03
   1.1953059e+03   1.2579188e+03
   1.2386520e+03   1.2384131e+03
   1.2863327e+03   1.2189073e+03
   1.3231769e+03   1.1777285e+03
   1.3751922e+03   1.1452190e+03
   1.4011998e+03   1.0736979e+03
   1.4120364e+03   9.8483844e+02
   1.4142037e+03   9.3065582e+02
   1.3968652e+03   8.9164434e+02
   1.3665230e+03   8.4613094e+02
   1.3166750e+03   8.1145407e+02
