   1.1866367e+03   6.8791771e+02
   1.1367887e+03   7.0308884e+02
   1.0977772e+03   7.2259458e+02
   1.0500965e+03   7.4860224e+02
   1.0197542e+03   7.9194833e+02
   1.0067504e+03   8.6130208e+02
   1.0002485e+03   9.4799426e+02
   1.0370927e+03   1.0281845e+03
   1.0826061e+03   1.0910364e+03
   1.1584617e+03   1.1495536e+03
   1.2213136e+03   1.1820632e+03
   1.2950019e+03   1.1647247e+03
   1.3578537e+03   1.1213786e+03
   1.4033671e+03   1.0606941e+03
   1.4337094e+03   9.8700574e+02
   1.4445459e+03   9.3065582e+02
   1.4575498e+03   8.5046555e+02
   1.4272075e+03   7.9628294e+02
   1.3860287e+03   7.5943876e+02
   1.3231769e+03   7.0959076e+02
   1.2581577e+03   6.9225232e+02
