   1.5528296e+03   9.9194667e+02
   1.5925555e+03   9.5833250e+02
   1.6231138e+03   8.9110415e+02
   1.6414488e+03   8.1776414e+02
   1.6567280e+03   7.6275913e+02
   1.6567280e+03   6.8330744e+02
   1.6353372e+03   6.1913493e+02
   1.5803321e+03   5.7940909e+02
   1.5344946e+03   5.5496242e+02
   1.4764338e+03   5.4273908e+02
   1.4214288e+03   5.4273908e+02
   1.3664238e+03   5.8552076e+02
   1.3144746e+03   6.3441410e+02
   1.2900279e+03   6.8636328e+02
   1.2839162e+03   7.3525662e+02
   1.2961396e+03   8.1165247e+02
   1.3053071e+03   8.6971331e+02
   1.3297538e+03   9.1249499e+02
   1.3847588e+03   9.4610916e+02
   1.4214288e+03   9.7055583e+02
   1.4733780e+03   9.9500251e+02
