   1.3340134e+03   7.0092154e+02
   1.2559904e+03   7.3126380e+02
   1.2191463e+03   8.0495216e+02
   1.1779675e+03   8.7213860e+02
   1.1736329e+03   9.6750000e+02
   1.1844694e+03   1.0303518e+03
   1.2126443e+03   1.1105421e+03
   1.2689943e+03   1.1495536e+03
   1.3426826e+03   1.1603901e+03
   1.4011998e+03   1.1733939e+03
   1.4792228e+03   1.1473863e+03
   1.5312381e+03   1.0910364e+03
   1.5854207e+03   1.0065115e+03
   1.5984246e+03   8.9597895e+02
   1.5789188e+03   8.1362138e+02
   1.5442419e+03   7.5943876e+02
   1.4965612e+03   7.0742345e+02
   1.4250402e+03   6.8575041e+02
