   1.1606290e+03   8.7430590e+02
   1.2278155e+03   8.7430590e+02
   1.3015038e+03   8.8947704e+02
   1.3600211e+03   9.3065582e+02
   1.4120364e+03   9.9350765e+02
   1.4185383e+03   1.1018729e+03
   1.3881960e+03   1.2080708e+03
   1.3361807e+03   1.2730899e+03
   1.2386520e+03   1.3142687e+03
   1.1411233e+03   1.3099341e+03
   1.0761042e+03   1.2774246e+03
   1.0197542e+03   1.2102381e+03
   1.0024158e+03   1.1365498e+03
   1.0067504e+03   1.0520249e+03
   1.0327581e+03   9.7183461e+02
   1.0869407e+03   9.0898278e+02
