   1.6414488e+03   6.5580494e+02
   1.6842305e+03   7.0775412e+02
   1.7086772e+03   7.5664746e+02
   1.7209005e+03   8.2387581e+02
   1.7086772e+03   8.8499248e+02
   1.6995097e+03   9.4305333e+02
   1.6781188e+03   1.0102817e+03
   1.6231138e+03   1.0836217e+03
   1.5650530e+03   1.1294592e+03
   1.5131038e+03   1.1508500e+03
   1.4642105e+03   1.1600175e+03
   1.4061496e+03   1.1600175e+03
   1.3419771e+03   1.1600175e+03
   1.2747487e+03   1.1386267e+03
   1.2289112e+03   1.0897334e+03
   1.1983529e+03   1.0347283e+03
   1.1708504e+03   9.7666750e+02
   1.1555712e+03   9.1249499e+02
   1.1647387e+03   8.3915497e+02
   1.1983529e+03   7.4442412e+02
   1.2441904e+03   6.7108411e+02
   1.3022513e+03   6.2524660e+02
   1.3694796e+03   5.8246492e+02
   1.4428196e+03   5.6718575e+02
   1.5344946e+03   5.7635326e+02
   1.5681088e+03   6.0079993e+02
