   1.2648254e+03   7.3240110e+02
   1.3115571e+03   7.2906312e+02
   1.3649648e+03   7.4408404e+02
   1.4300555e+03   7.9582278e+02
   1.4884702e+03   8.5089949e+02
   1.5235190e+03   9.1765915e+02
   1.5135051e+03   1.0127917e+03
   1.4934772e+03   1.0962412e+03
   1.4400695e+03   1.1546559e+03
   1.3933377e+03   1.2013877e+03
   1.3165641e+03   1.2297605e+03
   1.2347835e+03   1.2364365e+03
   1.1630169e+03   1.1947117e+03
   1.1112781e+03   1.1446420e+03
   1.0812363e+03   1.0762133e+03
   1.0578704e+03   1.0077847e+03
   1.0495255e+03   9.1765915e+02
   1.0745603e+03   8.5590647e+02
   1.1012642e+03   8.2085765e+02
   1.1463270e+03   7.8413984e+02
   1.1847138e+03   7.6077396e+02
   1.2130866e+03   7.3907707e+02
