   1.6200580e+03   1.0500075e+03
   1.6536722e+03   9.7972334e+02
   1.6628397e+03   8.8499248e+02
   1.6322813e+03   8.0554080e+02
   1.5894996e+03   7.3831245e+02
   1.5192155e+03   6.8636328e+02
   1.4275404e+03   6.7413994e+02
   1.3542004e+03   6.7413994e+02
   1.2503021e+03   7.3831245e+02
   1.1952971e+03   8.4832248e+02
   1.1891854e+03   9.6138833e+02
   1.2105762e+03   1.0561192e+03
   1.2808604e+03   1.1264034e+03
   1.3389213e+03   1.1691850e+03
   1.4275404e+03   1.1875200e+03
   1.5192155e+03   1.1539059e+03
   1.5650530e+03   1.1172359e+03
