   1.4662190e+03   9.1331739e+02
   1.4510478e+03   9.5666348e+02
   1.4445459e+03   1.0021769e+03
   1.4185383e+03   1.0585268e+03
   1.3773595e+03   1.1105421e+03
   1.3253442e+03   1.1473863e+03
   1.2364847e+03   1.1538882e+03
   1.1692982e+03   1.1192113e+03
   1.1324541e+03   1.0715306e+03
   1.1042791e+03   1.0151807e+03
   1.0912753e+03   9.3499043e+02
   1.0934426e+03   8.6346938e+02
   1.1086137e+03   8.1145407e+02
   1.1649636e+03   7.4643493e+02
   1.2126443e+03   7.0308884e+02
   1.2798308e+03   6.7708119e+02
   1.3600211e+03   7.0742345e+02
   1.4163710e+03   7.4426763e+02
   1.4510478e+03   8.2445790e+02
