   1.3708576e+03   7.1609267e+02
   1.3253442e+03   7.1609267e+02
   1.2885000e+03   7.2259458e+02
   1.2364847e+03   7.3343111e+02
   1.2083097e+03   7.5510415e+02
   1.1606290e+03   7.8111181e+02
   1.1302868e+03   8.2445790e+02
   1.1107810e+03   8.5913477e+02
   1.0847734e+03   9.1548469e+02
   1.0717695e+03   9.8050383e+02
   1.0912753e+03   1.0433557e+03
   1.1107810e+03   1.0975383e+03
   1.1454579e+03   1.1517209e+03
   1.2018078e+03   1.1994016e+03
   1.2581577e+03   1.2232419e+03
   1.3231769e+03   1.2449150e+03
   1.3990325e+03   1.2297439e+03
   1.4488805e+03   1.1972343e+03
   1.5095651e+03   1.1408844e+03
   1.5334054e+03   1.0736979e+03
   1.5529112e+03   1.0043442e+03
   1.5550785e+03   9.3932504e+02
   1.5420746e+03   8.8514243e+02
   1.5160670e+03   8.1795599e+02
   1.4878920e+03   7.8327911e+02
   1.4618844e+03   7.5943876e+02
   1.4207056e+03   7.3343111e+02
