   1.2711616e+03   7.8761372e+02
   1.2213136e+03   8.1362138e+02
   1.1714656e+03   8.3529442e+02
   1.1216175e+03   8.7213860e+02
   1.1021118e+03   9.1981930e+02
   1.0977772e+03   9.7183461e+02
   1.0956099e+03   1.0216826e+03
   1.0956099e+03   1.0541922e+03
   1.1107810e+03   1.0953710e+03
   1.1454579e+03   1.1387171e+03
   1.1888040e+03   1.1907324e+03
   1.2256482e+03   1.2124054e+03
   1.2906673e+03   1.2449150e+03
   1.3535191e+03   1.2340785e+03
   1.4250402e+03   1.2210746e+03
   1.4835574e+03   1.1928997e+03
   1.5247362e+03   1.1473863e+03
   1.5615804e+03   1.0823671e+03
   1.5659150e+03   1.0195153e+03
   1.5680823e+03   9.5666348e+02
   1.5355727e+03   9.0681547e+02
   1.4943939e+03   8.6130208e+02
   1.4467132e+03   8.2662520e+02
   1.4033671e+03   8.0928677e+02
   1.3578537e+03   7.9628294e+02
   1.3296788e+03   7.8544642e+02
