   1.1219571e+03   6.4052577e+02
   1.0822312e+03   7.0164245e+02
   1.0700079e+03   7.7803830e+02
   1.0883429e+03   8.7888082e+02
   1.1066779e+03   9.3388583e+02
   1.1494596e+03   9.9500251e+02
   1.1983529e+03   1.0530634e+03
   1.3022513e+03   1.0622309e+03
   1.3939263e+03   1.0255608e+03
   1.4672663e+03   9.7361167e+02
   1.5131038e+03   8.6665748e+02
   1.5253271e+03   7.8414996e+02
   1.5283830e+03   6.8330744e+02
   1.4428196e+03   5.8857659e+02
   1.3450329e+03   5.5496242e+02
   1.2411346e+03   5.5496242e+02
   1.1708504e+03   5.8246492e+02
