   1.2258554e+03   8.7888082e+02
   1.1739062e+03   9.3082999e+02
   1.1250129e+03   9.9805834e+02
   1.1158454e+03   1.0927892e+03
   1.1341804e+03   1.1783525e+03
   1.1891854e+03   1.2394692e+03
   1.2533579e+03   1.3005859e+03
   1.3358654e+03   1.3372559e+03
   1.4428196e+03   1.3280884e+03
   1.5253271e+03   1.2853067e+03
   1.5772763e+03   1.1905759e+03
   1.5894996e+03   1.0805659e+03
   1.5436621e+03   9.6444417e+02
   1.4519871e+03   8.8499248e+02
   1.3419771e+03   8.6054581e+02
   1.3083629e+03   8.5748998e+02
