   1.4856013e+03   7.0775412e+02
   1.4244846e+03   6.8025161e+02
   1.3572563e+03   6.8636328e+02
   1.2869721e+03   7.1997745e+02
   1.2136321e+03   7.5359162e+02
   1.1647387e+03   8.0859664e+02
   1.1402921e+03   8.8499248e+02
   1.1341804e+03   9.3388583e+02
   1.1402921e+03   1.0041700e+03
   1.1861296e+03   1.0805659e+03
   1.2380787e+03   1.1355709e+03
   1.3053071e+03   1.1783525e+03
   1.3786471e+03   1.1783525e+03
   1.4428196e+03   1.1783525e+03
   1.4978246e+03   1.1508500e+03
   1.5681088e+03   1.0927892e+03
   1.6108905e+03   1.0500075e+03
   1.6292255e+03   9.7972334e+02
   1.6322813e+03   8.9415999e+02
   1.6017230e+03   8.2387581e+02
   1.5589413e+03   7.6887079e+02
