   1.4642105e+03   1.1752967e+03
   1.5069921e+03   1.1386267e+03
   1.5497738e+03   1.0713984e+03
   1.5772763e+03   1.0011142e+03
   1.5742205e+03   9.2777416e+02
   1.5283830e+03   8.5748998e+02
   1.4856013e+03   8.0554080e+02
   1.4305963e+03   7.7192663e+02
   1.3542004e+03   7.4442412e+02
   1.2900279e+03   7.4442412e+02
   1.2105762e+03   7.7498246e+02
   1.1586271e+03   8.2998747e+02
   1.1341804e+03   8.9110415e+02
   1.1250129e+03   9.7361167e+02
   1.1555712e+03   1.0683425e+03
   1.2227996e+03   1.1294592e+03
   1.2839162e+03   1.1691850e+03
   1.3755913e+03   1.1936317e+03
   1.4092054e+03   1.1936317e+03
