   1.1922412e+03   5.7329742e+02
   1.1647387e+03   6.2219077e+02
   1.1525154e+03   6.8941911e+02
   1.1525154e+03   7.6581496e+02
   1.1677946e+03   8.4221081e+02
   1.2075204e+03   9.0027165e+02
   1.2411346e+03   9.3999749e+02
   1.2747487e+03   9.7972334e+02
   1.3389213e+03   1.0225050e+03
   1.4092054e+03   1.0377842e+03
   1.4642105e+03   1.0041700e+03
   1.5222713e+03   9.8583500e+02
   1.5833880e+03   9.5222083e+02
   1.6536722e+03   8.6665748e+02
   1.6995097e+03   7.5053579e+02
   1.6842305e+03   6.3746994e+02
   1.6445047e+03   5.6718575e+02
   1.5986671e+03   5.0301324e+02
   1.5344946e+03   4.6328740e+02
   1.4611546e+03   4.4495240e+02
   1.3786471e+03   4.4495240e+02
   1.2930838e+03   4.6634323e+02
   1.2227996e+03   5.1523658e+02
