   1.4642105e+03   6.9553078e+02
   1.5314388e+03   7.1692162e+02
   1.5864438e+03   7.6887079e+02
   1.6078346e+03   8.5137831e+02
   1.6108905e+03   9.6138833e+02
   1.5925555e+03   1.0469517e+03
   1.5528296e+03   1.0927892e+03
   1.4733780e+03   1.1233475e+03
   1.3725354e+03   1.1386267e+03
   1.2839162e+03   1.1294592e+03
   1.2258554e+03   1.0744542e+03
   1.2044646e+03   1.0225050e+03
   1.1922412e+03   9.4916500e+02
   1.1891854e+03   8.8499248e+02
   1.1952971e+03   8.1165247e+02
   1.2625254e+03   7.5359162e+02
   1.3144746e+03   7.1386578e+02
   1.3664238e+03   6.8330744e+02
