   1.3231769e+03   7.5943876e+02
   1.2733289e+03   7.6810798e+02
   1.2256482e+03   8.0061755e+02
   1.1844694e+03   8.4396364e+02
   1.1627963e+03   9.1115008e+02
   1.1627963e+03   9.8700574e+02
   1.1692982e+03   1.0303518e+03
   1.1931386e+03   1.0823671e+03
   1.2408193e+03   1.1473863e+03
   1.2993365e+03   1.1885651e+03
   1.3470172e+03   1.2210746e+03
   1.4662190e+03   1.2059035e+03
   1.5073978e+03   1.1755612e+03
   1.5485765e+03   1.1365498e+03
   1.5875880e+03   1.0845344e+03
   1.6049265e+03   1.0260172e+03
   1.6114284e+03   9.5883078e+02
   1.6070938e+03   8.8947704e+02
   1.5832534e+03   8.3962903e+02
   1.5442419e+03   8.0495216e+02
   1.4857247e+03   7.7244259e+02
   1.4207056e+03   7.5510415e+02
