   1.2343174e+03   7.2259458e+02
   1.2841654e+03   7.3343111e+02
   1.3556864e+03   7.5293685e+02
   1.3968652e+03   7.7677720e+02
   1.4445459e+03   8.3312712e+02
   1.4727209e+03   9.0681547e+02
   1.4597171e+03   1.0000096e+03
   1.4423786e+03   1.0715306e+03
   1.4077018e+03   1.1408844e+03
   1.3578537e+03   1.1842305e+03
   1.3188423e+03   1.2080708e+03
   1.2343174e+03   1.2232419e+03
   1.1562944e+03   1.2254092e+03
   1.1129483e+03   1.1863978e+03
   1.0717695e+03   1.1192113e+03
   1.0587657e+03   1.0498576e+03
   1.0522638e+03   9.9134035e+02
   1.0544311e+03   9.2848852e+02
   1.0609330e+03   8.6997129e+02
   1.0804388e+03   8.2012329e+02
   1.1237849e+03   7.7027529e+02
   1.1584617e+03   7.3776572e+02
