   1.3318461e+03   6.9008502e+02
   1.3816941e+03   6.7708119e+02
   1.4618844e+03   6.7274658e+02
   1.5334054e+03   7.0959076e+02
   1.5940899e+03   7.4643493e+02
   1.6331014e+03   8.3529442e+02
   1.6569418e+03   9.0681547e+02
   1.6699456e+03   9.6966730e+02
   1.6461053e+03   1.0390211e+03
   1.6157630e+03   1.1105421e+03
   1.5659150e+03   1.1668920e+03
   1.5204016e+03   1.1972343e+03
   1.4553825e+03   1.2210746e+03
   1.3795268e+03   1.2080708e+03
   1.3210096e+03   1.1820632e+03
   1.2494885e+03   1.1408844e+03
   1.2061424e+03   1.0736979e+03
   1.1758002e+03   1.0065115e+03
   1.1714656e+03   9.5666348e+02
   1.1801348e+03   8.8947704e+02
   1.1888040e+03   8.3529442e+02
   1.2018078e+03   8.0278485e+02
   1.2429866e+03   7.4860224e+02
   1.2733289e+03   7.0742345e+02
