   1.2169789e+03   6.6407736e+02
   1.1801348e+03   6.7924849e+02
   1.1476252e+03   7.0092154e+02
   1.1259522e+03   7.3343111e+02
   1.0999445e+03   7.6810798e+02
   1.0826061e+03   8.1362138e+02
   1.0717695e+03   8.3962903e+02
   1.0652676e+03   9.0248086e+02
   1.0761042e+03   9.5666348e+02
   1.1042791e+03   1.0043442e+03
   1.1346214e+03   1.0260172e+03
   1.1953059e+03   1.0563595e+03
   1.2841654e+03   1.0888691e+03
   1.3405153e+03   1.0736979e+03
   1.3838614e+03   1.0476903e+03
   1.4272075e+03   1.0043442e+03
   1.4488805e+03   9.5016156e+02
   1.4705536e+03   8.7864051e+02
   1.4835574e+03   8.2445790e+02
   1.4748882e+03   7.5293685e+02
   1.4510478e+03   7.1392537e+02
   1.4055344e+03   6.8141580e+02
   1.3426826e+03   6.6191006e+02
   1.2863327e+03   6.5757545e+02
