   1.2350229e+03   7.6887079e+02
   1.1830737e+03   7.9637330e+02
   1.1402921e+03   8.6665748e+02
   1.1066779e+03   9.2471832e+02
   1.0883429e+03   1.0194492e+03
   1.0975104e+03   1.0958450e+03
   1.1616829e+03   1.1905759e+03
   1.2105762e+03   1.2608601e+03
   1.3175304e+03   1.2791951e+03
   1.4367079e+03   1.2394692e+03
   1.5314388e+03   1.1630734e+03
   1.5772763e+03   1.0805659e+03
   1.5925555e+03   9.9194667e+02
   1.5894996e+03   9.1249499e+02
   1.5467180e+03   8.2998747e+02
   1.4825455e+03   7.6887079e+02
   1.4214288e+03   7.3831245e+02
   1.3603121e+03   7.2303329e+02
   1.3205863e+03   7.2303329e+02
