   1.3015038e+03   8.0928677e+02
   1.3556864e+03   8.0711946e+02
   1.4553825e+03   8.5263286e+02
   1.5138997e+03   8.9164434e+02
   1.5334054e+03   9.5666348e+02
   1.5529112e+03   1.0411884e+03
   1.5550785e+03   1.1192113e+03
   1.5334054e+03   1.1842305e+03
   1.5160670e+03   1.2254092e+03
   1.4683863e+03   1.2817592e+03
   1.3946979e+03   1.3099341e+03
   1.3188423e+03   1.2904284e+03
   1.2494885e+03   1.2405804e+03
   1.1888040e+03   1.2037362e+03
   1.1649636e+03   1.1365498e+03
   1.1411233e+03   1.0585268e+03
   1.1454579e+03   9.9134035e+02
   1.1606290e+03   9.3065582e+02
   1.1801348e+03   8.8730973e+02
   1.2213136e+03   8.4396364e+02
