   1.4349873e+03   1.0883143e+03
   1.4742520e+03   1.0279071e+03
   1.4682112e+03   9.7354071e+02
   1.4651909e+03   9.1615393e+02
   1.4561298e+03   8.3460429e+02
   1.4349873e+03   7.6513607e+02
   1.4017634e+03   7.2889179e+02
   1.3624987e+03   7.0472893e+02
   1.3051120e+03   6.8056608e+02
   1.2386641e+03   7.0472893e+02
   1.1812773e+03   7.2889179e+02
   1.1450330e+03   7.5909536e+02
   1.1238905e+03   8.2252286e+02
   1.1087888e+03   8.8897072e+02
   1.1027480e+03   9.5843893e+02
   1.1178498e+03   1.0218664e+03
   1.1631552e+03   1.0943550e+03
   1.2114809e+03   1.1426807e+03
   1.2869898e+03   1.1608029e+03
   1.3383359e+03   1.1457011e+03
   1.3655191e+03   1.1305993e+03
