   1.2538231e+03   6.6841197e+02
   1.2083097e+03   6.9441963e+02
   1.1801348e+03   7.3343111e+02
   1.1649636e+03   7.6160607e+02
   1.1389560e+03   7.9194833e+02
   1.1281195e+03   8.2879251e+02
   1.1216175e+03   8.7647321e+02
   1.1302868e+03   9.3065582e+02
   1.1411233e+03   9.6750000e+02
   1.1606290e+03   1.0021769e+03
   1.1953059e+03   1.0390211e+03
   1.2278155e+03   1.0758652e+03
   1.2798308e+03   1.1040402e+03
   1.3340134e+03   1.1105421e+03
   1.3881960e+03   1.0932037e+03
   1.4402113e+03   1.0671960e+03
   1.4878920e+03   1.0260172e+03
   1.5073978e+03   1.0000096e+03
   1.5247362e+03   9.6533270e+02
   1.5420746e+03   9.2632121e+02
   1.5485765e+03   8.7430590e+02
   1.5334054e+03   7.9628294e+02
   1.5008958e+03   7.5293685e+02
   1.4532151e+03   7.0092154e+02
   1.3860287e+03   6.7708119e+02
   1.3188423e+03   6.5757545e+02
