   1.2993365e+03   7.0308884e+02
   1.3296788e+03   6.8575041e+02
   1.3860287e+03   6.8575041e+02
   1.4488805e+03   6.8791771e+02
   1.5095651e+03   7.0959076e+02
   1.5615804e+03   7.5293685e+02
   1.5940899e+03   8.1145407e+02
   1.5897553e+03   8.8730973e+02
   1.5875880e+03   9.4149235e+02
   1.5702496e+03   9.8267113e+02
   1.5334054e+03   1.0433557e+03
   1.4813901e+03   1.0888691e+03
   1.4120364e+03   1.0997056e+03
   1.3470172e+03   1.0975383e+03
   1.2906673e+03   1.0758652e+03
   1.2494885e+03   1.0498576e+03
   1.2039751e+03   1.0000096e+03
   1.1801348e+03   9.5883078e+02
   1.1692982e+03   9.0898278e+02
   1.1758002e+03   8.3529442e+02
   1.1996405e+03   7.8111181e+02
   1.2278155e+03   7.4860224e+02
   1.2624923e+03   7.1609267e+02
