   1.1464037e+03   7.9637330e+02
   1.0975104e+03   8.4526664e+02
   1.0669520e+03   9.0027165e+02
   1.0577845e+03   9.6750000e+02
   1.0730637e+03   1.0377842e+03
   1.1127895e+03   1.0958450e+03
   1.1647387e+03   1.1416825e+03
   1.2319671e+03   1.1783525e+03
   1.3144746e+03   1.1783525e+03
   1.4061496e+03   1.1264034e+03
   1.4764338e+03   1.0469517e+03
   1.5008805e+03   9.4916500e+02
   1.4856013e+03   8.6360165e+02
   1.4336521e+03   8.1165247e+02
   1.3725354e+03   7.7192663e+02
   1.3083629e+03   7.4136829e+02
   1.2258554e+03   7.5359162e+02
