   1.4550429e+03   1.0683425e+03
   1.4825455e+03   9.9805834e+02
   1.4886571e+03   9.3388583e+02
   1.4733780e+03   8.7276915e+02
   1.4305963e+03   8.2387581e+02
   1.3664238e+03   7.9331747e+02
   1.2900279e+03   7.9026163e+02
   1.2227996e+03   7.9942913e+02
   1.1708504e+03   8.5443414e+02
   1.1219571e+03   9.3388583e+02
   1.1097337e+03   1.0102817e+03
   1.1311246e+03   1.0683425e+03
   1.1739062e+03   1.1172359e+03
   1.2289112e+03   1.1508500e+03
   1.2991954e+03   1.1691850e+03
   1.3786471e+03   1.1233475e+03
