   1.2559904e+03   8.3746173e+02
   1.2234809e+03   8.5480016e+02
   1.1953059e+03   8.8297512e+02
   1.1866367e+03   9.1765200e+02
   1.1823021e+03   9.4582695e+02
   1.1844694e+03   9.7833652e+02
   1.1953059e+03   1.0216826e+03
   1.2104770e+03   1.0411884e+03
   1.2321501e+03   1.0715306e+03
   1.2754962e+03   1.0953710e+03
   1.3145077e+03   1.0801998e+03
   1.3686903e+03   1.0563595e+03
   1.3946979e+03   9.9784226e+02
   1.3968652e+03   9.5883078e+02
   1.3925306e+03   9.0898278e+02
   1.3708576e+03   8.6997129e+02
   1.3405153e+03   8.4396364e+02
   1.2993365e+03   8.3312712e+02
