   1.4122613e+03   7.7498246e+02
   1.4642105e+03   8.2387581e+02
   1.5100480e+03   9.0638332e+02
   1.5131038e+03   9.7666750e+02
   1.5008805e+03   1.0408400e+03
   1.4519871e+03   1.1386267e+03
   1.3847588e+03   1.2027992e+03
   1.2869721e+03   1.2241901e+03
   1.1952971e+03   1.1966875e+03
   1.1341804e+03   1.1447384e+03
   1.0852870e+03   1.0591750e+03
   1.0700079e+03   9.6750000e+02
   1.0975104e+03   8.9415999e+02
   1.1402921e+03   8.2693164e+02
   1.1891854e+03   7.8109413e+02
   1.2594696e+03   7.5359162e+02
   1.3297538e+03   7.3525662e+02
