   1.1324541e+03   1.0888691e+03
   1.0999445e+03   1.0736979e+03
   1.0674349e+03   1.0476903e+03
   1.0544311e+03   1.0021769e+03
   1.0435946e+03   9.4799426e+02
   1.0696022e+03   8.8080782e+02
   1.1064464e+03   8.5046555e+02
   1.1519598e+03   8.2445790e+02
   1.1996405e+03   8.1362138e+02
   1.2364847e+03   8.3312712e+02
   1.2689943e+03   8.6130208e+02
   1.2885000e+03   9.0898278e+02
   1.2863327e+03   9.5016156e+02
   1.2754962e+03   1.0021769e+03
   1.2451539e+03   1.0498576e+03
   1.2213136e+03   1.0888691e+03
   1.1758002e+03   1.1040402e+03
