   1.4015333e+03   6.8675105e+02
   1.3758592e+03   6.9025208e+02
   1.3490180e+03   6.9725413e+02
   1.3151747e+03   7.0659020e+02
   1.2883335e+03   7.2993037e+02
   1.2614923e+03   7.5910558e+02
   1.2509893e+03   7.8711378e+02
   1.2451542e+03   8.2212404e+02
   1.2381522e+03   8.5830130e+02
   1.2381522e+03   8.9797959e+02
   1.2299831e+03   9.4115890e+02
   1.2299831e+03   9.7500214e+02
   1.2229811e+03   1.0193485e+03
   1.2323171e+03   1.0683628e+03
   1.2544903e+03   1.1173772e+03
   1.2813315e+03   1.1407173e+03
   1.3128407e+03   1.1733936e+03
   1.3583540e+03   1.1827296e+03
   1.4202055e+03   1.1908987e+03
   1.4727209e+03   1.1710596e+03
   1.5252362e+03   1.1535544e+03
   1.5672486e+03   1.1208782e+03
   1.6022588e+03   1.0776989e+03
   1.6407701e+03   1.0100124e+03
   1.6547742e+03   9.4115890e+02
   1.6664443e+03   8.8514249e+02
   1.6664443e+03   8.3262711e+02
   1.6407701e+03   7.8594677e+02
   1.6022588e+03   7.4976951e+02
   1.5462424e+03   7.1942729e+02
   1.4983951e+03   6.9958815e+02
   1.4598838e+03   6.8908507e+02
