   1.6506163e+03   1.1905759e+03
   1.6811747e+03   1.1202917e+03
   1.7025655e+03   1.0622309e+03
   1.7117330e+03   9.7055583e+02
   1.7025655e+03   9.1249499e+02
   1.6658955e+03   8.4832248e+02
   1.6200580e+03   8.0248497e+02
   1.5711646e+03   7.7192663e+02
   1.5161596e+03   7.5053579e+02
   1.4611546e+03   7.5359162e+02
   1.4061496e+03   7.5053579e+02
   1.3542004e+03   7.8109413e+02
   1.2961396e+03   8.2998747e+02
   1.2594696e+03   8.8193665e+02
   1.2319671e+03   9.4610916e+02
   1.2227996e+03   1.0072258e+03
   1.2350229e+03   1.0713984e+03
   1.2472462e+03   1.1202917e+03
   1.2716929e+03   1.1722409e+03
   1.3205863e+03   1.2272459e+03
   1.3786471e+03   1.2547484e+03
   1.4397638e+03   1.2730834e+03
   1.4947688e+03   1.2791951e+03
   1.5711646e+03   1.2547484e+03
