   1.3909940e+03   7.6535534e+02
   1.3844897e+03   7.2551651e+02
   1.3682289e+03   6.8892984e+02
   1.3430248e+03   6.6616479e+02
   1.2893643e+03   6.4665190e+02
   1.2194431e+03   6.4583886e+02
   1.1714739e+03   6.5966050e+02
   1.1226917e+03   6.7836035e+02
   1.0739094e+03   7.0681666e+02
   1.0365097e+03   7.4096422e+02
   1.0072404e+03   8.0682024e+02
   1.0153707e+03   8.8812396e+02
   1.0275663e+03   9.3528012e+02
   1.0519574e+03   1.0108926e+03
   1.1007397e+03   1.0564227e+03
   1.1739130e+03   1.0889442e+03
   1.2527776e+03   1.0848790e+03
   1.2926164e+03   1.0352837e+03
   1.3259510e+03   9.8081021e+02
   1.3544073e+03   9.1576723e+02
   1.3820505e+03   8.7105018e+02
   1.3901809e+03   8.1576365e+02
