   1.5406998e+03   1.2091286e+03
   1.5829848e+03   1.1728843e+03
   1.6313105e+03   1.1124771e+03
   1.6494327e+03   1.0520700e+03
   1.6524530e+03   9.9770357e+02
   1.6192291e+03   9.3427607e+02
   1.5829848e+03   8.8595036e+02
   1.5286184e+03   8.4668572e+02
   1.4561298e+03   8.2252286e+02
   1.3927023e+03   8.1648215e+02
   1.3051120e+03   8.2554322e+02
   1.2386641e+03   8.7688929e+02
   1.1993995e+03   9.4031679e+02
   1.1873180e+03   1.0097850e+03
   1.1993995e+03   1.0943550e+03
   1.2296030e+03   1.1819454e+03
   1.2869898e+03   1.2453729e+03
   1.3564580e+03   1.2695357e+03
   1.4259262e+03   1.2755764e+03
   1.4833130e+03   1.2574543e+03
