   1.5399073e+03   7.1392537e+02
   1.4857247e+03   7.0308884e+02
   1.4228729e+03   6.9875423e+02
   1.3838614e+03   7.0742345e+02
   1.3383480e+03   7.1609267e+02
   1.2971692e+03   7.3776572e+02
   1.2754962e+03   7.7677720e+02
   1.2364847e+03   8.3312712e+02
   1.2213136e+03   8.7864051e+02
   1.2148116e+03   9.3932504e+02
   1.2169789e+03   9.8700574e+02
   1.2429866e+03   1.0368537e+03
   1.2581577e+03   1.0758652e+03
   1.2885000e+03   1.1235459e+03
   1.3318461e+03   1.1538882e+03
   1.4011998e+03   1.1950670e+03
   1.4705536e+03   1.2059035e+03
   1.5442419e+03   1.1755612e+03
   1.5810861e+03   1.1408844e+03
   1.6309341e+03   1.0801998e+03
   1.6612764e+03   1.0455230e+03
   1.6721129e+03   9.6533270e+02
   1.6872840e+03   8.7430590e+02
   1.6526072e+03   8.1362138e+02
   1.6135957e+03   7.3993302e+02
