   1.2451539e+03   9.0898278e+02
   1.2971692e+03   9.0248086e+02
   1.3426826e+03   9.1115008e+02
   1.3925306e+03   9.4365965e+02
   1.4163710e+03   9.8050383e+02
   1.4272075e+03   1.0130134e+03
   1.4142037e+03   1.0736979e+03
   1.3925306e+03   1.1213786e+03
   1.3600211e+03   1.1647247e+03
   1.3036711e+03   1.2145727e+03
   1.2473212e+03   1.2275765e+03
   1.1974732e+03   1.2124054e+03
   1.1562944e+03   1.1972343e+03
   1.1194502e+03   1.1560555e+03
   1.0956099e+03   1.1235459e+03
   1.0804388e+03   1.0563595e+03
   1.0934426e+03   1.0216826e+03
   1.1194502e+03   9.8700574e+02
   1.1606290e+03   9.4582695e+02
   1.1909713e+03   9.2632121e+02
