   1.1476252e+03   6.9008502e+02
   1.1996405e+03   6.5757545e+02
   1.2668270e+03   6.4890623e+02
   1.3296788e+03   6.5540814e+02
   1.3838614e+03   6.8141580e+02
   1.4358767e+03   7.3993302e+02
   1.4575498e+03   8.1362138e+02
   1.4683863e+03   8.9597895e+02
   1.4358767e+03   9.7616922e+02
   1.4120364e+03   1.0260172e+03
   1.3600211e+03   1.0736979e+03
   1.3123404e+03   1.1105421e+03
   1.2538231e+03   1.0997056e+03
   1.1714656e+03   1.0758652e+03
   1.1237849e+03   1.0303518e+03
   1.0977772e+03   9.7183461e+02
   1.0674349e+03   9.2848852e+02
   1.0544311e+03   8.6346938e+02
   1.0631003e+03   7.8978103e+02
   1.0934426e+03   7.2259458e+02
