   1.3513518e+03   6.2073127e+02
   1.3925306e+03   6.0339283e+02
   1.4510478e+03   5.8388709e+02
   1.5095651e+03   5.8822170e+02
   1.5962572e+03   5.9472362e+02
   1.6396033e+03   6.3156779e+02
   1.6742802e+03   6.7491388e+02
   1.7089571e+03   7.3343111e+02
   1.7176263e+03   8.0061755e+02
   1.7154590e+03   8.5480016e+02
   1.6937860e+03   9.3499043e+02
   1.6547745e+03   1.0086788e+03
   1.6179303e+03   1.0563595e+03
   1.5659150e+03   1.1127094e+03
   1.4857247e+03   1.1257132e+03
   1.3990325e+03   1.1018729e+03
   1.3405153e+03   1.0650287e+03
   1.2863327e+03   1.0238499e+03
   1.2473212e+03   9.7183461e+02
   1.2148116e+03   9.0031356e+02
   1.2213136e+03   8.1145407e+02
   1.2473212e+03   7.4643493e+02
   1.2776635e+03   6.8141580e+02
