   1.2197437e+03   6.8330744e+02
   1.1586271e+03   7.1692162e+02
   1.1097337e+03   7.5970329e+02
   1.0913987e+03   7.9026163e+02
   1.0883429e+03   8.6665748e+02
   1.1097337e+03   9.5833250e+02
   1.1586271e+03   1.0163933e+03
   1.2044646e+03   1.0591750e+03
   1.2839162e+03   1.0866775e+03
   1.3786471e+03   1.0683425e+03
   1.4458754e+03   1.0011142e+03
   1.4856013e+03   9.3388583e+02
   1.4856013e+03   8.4526664e+02
   1.4489313e+03   7.6275913e+02
   1.3969821e+03   7.0469828e+02
   1.3205863e+03   6.6191661e+02
