   1.2798308e+03   7.8978103e+02
   1.2624923e+03   8.1145407e+02
   1.2473212e+03   8.2445790e+02
   1.2451539e+03   8.6346938e+02
   1.2494885e+03   8.8730973e+02
   1.2624923e+03   9.0681547e+02
   1.2754962e+03   9.2415391e+02
   1.3015038e+03   9.4365965e+02
   1.3318461e+03   9.5016156e+02
   1.3665230e+03   9.3499043e+02
   1.3946979e+03   9.1765200e+02
   1.4098691e+03   8.8514243e+02
   1.4142037e+03   8.6130208e+02
   1.4055344e+03   8.3312712e+02
   1.3708576e+03   7.9628294e+02
   1.3231769e+03   7.8111181e+02
