   1.3621884e+03   6.0556014e+02
   1.4077018e+03   6.2289858e+02
   1.4575498e+03   6.4890623e+02
   1.5073978e+03   6.8575041e+02
   1.5334054e+03   7.3776572e+02
   1.5507439e+03   8.1362138e+02
   1.5507439e+03   9.0031356e+02
   1.5225689e+03   9.8483844e+02
   1.4770555e+03   1.0520249e+03
   1.4337094e+03   1.1127094e+03
   1.3405153e+03   1.1560555e+03
   1.2516558e+03   1.1560555e+03
   1.1736329e+03   1.1170440e+03
   1.1107810e+03   1.0411884e+03
   1.0804388e+03   9.5449617e+02
   1.0717695e+03   8.5263286e+02
   1.0977772e+03   7.8761372e+02
   1.1302868e+03   7.2476189e+02
   1.1627963e+03   6.7491388e+02
   1.2148116e+03   6.2723318e+02
   1.2928346e+03   5.9255631e+02
