   1.3513518e+03   8.4179634e+02
   1.3231769e+03   8.5046555e+02
   1.2993365e+03   8.6563669e+02
   1.2646596e+03   8.9164434e+02
   1.2451539e+03   9.3282313e+02
   1.2256482e+03   9.8700574e+02
   1.2191463e+03   1.0520249e+03
   1.2451539e+03   1.1300478e+03
   1.2798308e+03   1.1668920e+03
   1.3166750e+03   1.1972343e+03
   1.3470172e+03   1.2080708e+03
   1.3730249e+03   1.2210746e+03
   1.4077018e+03   1.2232419e+03
   1.4185383e+03   1.2232419e+03
   1.4748882e+03   1.1972343e+03
   1.5355727e+03   1.1473863e+03
   1.5724169e+03   1.1040402e+03
   1.5854207e+03   1.0455230e+03
   1.5745842e+03   9.7833652e+02
   1.5637477e+03   9.4149235e+02
   1.5420746e+03   9.0031356e+02
   1.5052305e+03   8.7864051e+02
   1.4683863e+03   8.5696747e+02
   1.4293748e+03   8.3746173e+02
   1.3925306e+03   8.3962903e+02
