   1.3240677e+03   6.2448735e+02
   1.2850732e+03   6.4119927e+02
   1.2249103e+03   6.9579157e+02
   1.1926005e+03   7.4035670e+02
   1.1614049e+03   8.1611743e+02
   1.1692038e+03   9.1416073e+02
   1.2037418e+03   1.0155464e+03
   1.2906438e+03   1.0946495e+03
   1.3708611e+03   1.1392147e+03
   1.4800457e+03   1.1291875e+03
   1.5402086e+03   1.0991060e+03
   1.5914585e+03   1.0233453e+03
   1.6103987e+03   9.6206825e+02
   1.6282247e+03   9.0747596e+02
   1.6471649e+03   8.2057395e+02
   1.6103987e+03   7.3701432e+02
   1.5680618e+03   6.8019377e+02
   1.4845022e+03   6.3674276e+02
   1.4020567e+03   6.1334606e+02
