   1.2429866e+03   7.1609267e+02
   1.2083097e+03   7.1825998e+02
   1.1779675e+03   7.3993302e+02
   1.1497925e+03   7.4860224e+02
   1.1151156e+03   7.8544642e+02
   1.0891080e+03   8.2662520e+02
   1.0674349e+03   8.8947704e+02
   1.0674349e+03   9.2848852e+02
   1.0674349e+03   9.7183461e+02
   1.0739368e+03   1.0173480e+03
   1.1042791e+03   1.0780325e+03
   1.1714656e+03   1.1278805e+03
   1.2494885e+03   1.1473863e+03
   1.3361807e+03   1.1473863e+03
   1.3925306e+03   1.1148767e+03
   1.4380440e+03   1.0563595e+03
   1.4575498e+03   1.0000096e+03
   1.4683863e+03   9.5666348e+02
   1.4705536e+03   9.0898278e+02
   1.4618844e+03   8.6997129e+02
   1.4423786e+03   8.2012329e+02
   1.4163710e+03   7.6160607e+02
   1.3773595e+03   7.4210033e+02
   1.3556864e+03   7.2476189e+02
   1.3058384e+03   7.2259458e+02
