   1.3855566e+03   8.1854967e+02
   1.3548472e+03   8.2995603e+02
   1.3329119e+03   8.4838170e+02
   1.3162410e+03   8.6680736e+02
   1.3048347e+03   8.8962009e+02
   1.2995702e+03   9.1945212e+02
   1.3065895e+03   9.5016156e+02
   1.3241377e+03   9.7472912e+02
   1.3688858e+03   9.8964513e+02
   1.4153886e+03   9.7999359e+02
   1.4434659e+03   9.6595499e+02
   1.4522400e+03   9.4489709e+02
   1.4575045e+03   9.2296177e+02
   1.4566270e+03   8.8962009e+02
   1.4487303e+03   8.5540100e+02
   1.4224079e+03   8.2995603e+02
