   1.3318079e+03   9.4455274e+02
   1.3605601e+03   9.7450292e+02
   1.3617581e+03   1.0056511e+03
   1.3605601e+03   1.0451853e+03
   1.3605601e+03   1.0691455e+03
   1.3425900e+03   1.1002937e+03
   1.3425900e+03   1.1002937e+03
   1.3330060e+03   1.1170658e+03
   1.2970657e+03   1.1182638e+03
   1.2647195e+03   1.1182638e+03
   1.2359674e+03   1.1050857e+03
   1.2179973e+03   1.0978977e+03
   1.2132052e+03   1.0751355e+03
   1.2096112e+03   1.0559674e+03
   1.2179973e+03   1.0260172e+03
   1.2323734e+03   9.9726505e+02
   1.2419574e+03   9.8648299e+02
   1.2551355e+03   9.7330491e+02
   1.2838877e+03   9.5413680e+02
