   1.4662190e+03   8.3962903e+02
   1.4943939e+03   8.5263286e+02
   1.5247362e+03   8.7213860e+02
   1.5464092e+03   9.1765200e+02
   1.5529112e+03   9.4799426e+02
   1.5550785e+03   9.8267113e+02
   1.5399073e+03   1.0108461e+03
   1.5030632e+03   1.0411884e+03
   1.4488805e+03   1.0541922e+03
   1.4098691e+03   1.0541922e+03
   1.3686903e+03   1.0563595e+03
   1.3340134e+03   1.0238499e+03
   1.3188423e+03   1.0108461e+03
   1.3166750e+03   9.8700574e+02
   1.3166750e+03   9.6750000e+02
   1.3210096e+03   9.3282313e+02
   1.3296788e+03   9.0681547e+02
   1.3513518e+03   8.8297512e+02
   1.3860287e+03   8.5480016e+02
   1.4228729e+03   8.3529442e+02
