   1.2961396e+03   1.0163933e+03
   1.3450329e+03   9.8583500e+02
   1.3908704e+03   9.4610916e+02
   1.4153171e+03   8.9110415e+02
   1.4305963e+03   8.1165247e+02
   1.4092054e+03   7.3831245e+02
   1.3786471e+03   7.0164245e+02
   1.3389213e+03   6.6191661e+02
   1.2655812e+03   6.4052577e+02
   1.2105762e+03   6.4052577e+02
   1.1525154e+03   6.5580494e+02
   1.1036220e+03   6.9553078e+02
   1.0669520e+03   7.5359162e+02
   1.0669520e+03   8.2081997e+02
   1.0822312e+03   8.7888082e+02
   1.1066779e+03   9.4610916e+02
   1.1402921e+03   9.8277917e+02
   1.1861296e+03   1.0133375e+03
   1.2289112e+03   1.0255608e+03
