   1.3633679e+03   6.2524660e+02
   1.2869721e+03   6.0691160e+02
   1.2044646e+03   6.2830243e+02
   1.1464037e+03   6.5580494e+02
   1.0944545e+03   7.3220079e+02
   1.0761195e+03   8.1165247e+02
   1.0822312e+03   8.7276915e+02
   1.1341804e+03   9.4916500e+02
   1.1800179e+03   9.8889084e+02
   1.2533579e+03   1.0225050e+03
   1.3266979e+03   9.8583500e+02
   1.3664238e+03   9.4610916e+02
   1.4030938e+03   8.9415999e+02
   1.4336521e+03   8.3304331e+02
   1.4428196e+03   7.5664746e+02
   1.4397638e+03   7.0469828e+02
   1.4305963e+03   6.8636328e+02
