   1.0349254e+03   6.9441963e+02
   9.8291006e+02   7.1609267e+02
   9.4823318e+02   7.3993302e+02
   9.2656014e+02   7.7460989e+02
   8.9621787e+02   8.1578868e+02
   8.8754866e+02   8.8297512e+02
   8.7671213e+02   9.1115008e+02
   8.8971596e+02   1.0000096e+03
   9.2439283e+02   1.0780325e+03
   9.8941197e+02   1.1343825e+03
   1.0782715e+03   1.1495536e+03
   1.1476252e+03   1.1300478e+03
   1.1974732e+03   1.0953710e+03
   1.2364847e+03   1.0455230e+03
   1.2603250e+03   9.9350765e+02
   1.2668270e+03   9.6533270e+02
   1.2646596e+03   8.9814625e+02
   1.2646596e+03   8.3312712e+02
   1.2343174e+03   7.5943876e+02
   1.1823021e+03   7.2692919e+02
   1.1237849e+03   6.9658693e+02
