   1.4488805e+03   7.8544642e+02
   1.4488805e+03   7.8544642e+02
   1.4922266e+03   8.1145407e+02
   1.5204016e+03   8.4613094e+02
   1.5485765e+03   8.7213860e+02
   1.5637477e+03   9.1331739e+02
   1.5745842e+03   1.0021769e+03
   1.5659150e+03   1.0758652e+03
   1.5442419e+03   1.1408844e+03
   1.4987285e+03   1.1907324e+03
   1.4402113e+03   1.2470823e+03
   1.3795268e+03   1.2709226e+03
   1.2993365e+03   1.2774246e+03
   1.2104770e+03   1.2579188e+03
   1.1606290e+03   1.2405804e+03
   1.1606290e+03   1.2405804e+03
   1.1194502e+03   1.2232419e+03
   1.0674349e+03   1.1842305e+03
   1.0327581e+03   1.1322151e+03
   9.9808119e+02   1.0671960e+03
   9.8941197e+02   9.8050383e+02
   9.9808119e+02   9.1981930e+02
   1.0457619e+03   8.6346938e+02
   1.0891080e+03   8.0928677e+02
   1.1346214e+03   7.6594068e+02
   1.2018078e+03   7.3343111e+02
   1.2863327e+03   7.3126380e+02
   1.3751922e+03   7.3993302e+02
