   1.0547287e+03   7.9026163e+02
   1.0119470e+03   8.3304331e+02
   9.9055619e+02   8.7582498e+02
   9.7527702e+02   9.4916500e+02
   9.9666786e+02   1.0561192e+03
   1.0394495e+03   1.1355709e+03
   1.0975104e+03   1.1966875e+03
   1.1555712e+03   1.2333576e+03
   1.2380787e+03   1.2547484e+03
   1.3266979e+03   1.2333576e+03
   1.3939263e+03   1.1752967e+03
   1.4397638e+03   1.1050125e+03
   1.4764338e+03   1.0255608e+03
   1.4825455e+03   9.4610916e+02
   1.4642105e+03   8.6665748e+02
   1.4183729e+03   8.0248497e+02
   1.3694796e+03   7.5664746e+02
   1.3114188e+03   7.3220079e+02
   1.2227996e+03   7.2303329e+02
   1.1525154e+03   7.3220079e+02
   1.1127895e+03   7.4747996e+02
