   1.3389213e+03   1.1722409e+03
   1.3908704e+03   1.1783525e+03
   1.4764338e+03   1.1661292e+03
   1.5375505e+03   1.1386267e+03
   1.5986671e+03   1.0897334e+03
   1.6322813e+03   1.0194492e+03
   1.6628397e+03   9.4610916e+02
   1.6628397e+03   8.7582498e+02
   1.6536722e+03   8.1165247e+02
   1.6231138e+03   7.6275913e+02
   1.5711646e+03   7.1692162e+02
   1.5069921e+03   6.7719578e+02
   1.4428196e+03   6.6191661e+02
   1.3694796e+03   6.6191661e+02
   1.3144746e+03   6.9553078e+02
   1.2747487e+03   7.1692162e+02
   1.2350229e+03   7.9637330e+02
   1.2014087e+03   8.5748998e+02
   1.1861296e+03   9.0638332e+02
   1.1769621e+03   9.5527666e+02
   1.1861296e+03   1.0041700e+03
   1.2075204e+03   1.0469517e+03
   1.2441904e+03   1.0805659e+03
   1.2747487e+03   1.1202917e+03
