   1.4999505e+03   8.5375339e+02
   1.5411094e+03   8.5936597e+02
   1.5878809e+03   8.7620371e+02
   1.6542965e+03   9.2578151e+02
   1.6879720e+03   9.7535931e+02
   1.7048097e+03   1.0548709e+03
   1.6963908e+03   1.1428013e+03
   1.6692634e+03   1.2007980e+03
   1.6299753e+03   1.2587947e+03
   1.5869455e+03   1.2915347e+03
   1.5298843e+03   1.3186622e+03
   1.4653396e+03   1.3214685e+03
   1.4166972e+03   1.3102433e+03
   1.3699257e+03   1.2924702e+03
   1.3268959e+03   1.2634718e+03
   1.2932204e+03   1.2326026e+03
   1.2679638e+03   1.1933146e+03
   1.2511260e+03   1.1661871e+03
   1.2342883e+03   1.1259636e+03
   1.2239986e+03   1.0801275e+03
   1.2221277e+03   1.0324206e+03
   1.2333529e+03   9.9032620e+02
   1.2501906e+03   9.5758614e+02
   1.2782535e+03   9.2952323e+02
   1.3175416e+03   8.9304145e+02
   1.3661840e+03   8.8368715e+02
   1.4101492e+03   8.6778484e+02
   1.4569207e+03   8.5375339e+02
