   1.3145077e+03   8.2012329e+02
   1.2689943e+03   8.2445790e+02
   1.1519598e+03   8.3962903e+02
   1.1021118e+03   8.7213860e+02
   1.0609330e+03   9.2632121e+02
   1.0284235e+03   9.9350765e+02
   1.0284235e+03   1.0910364e+03
   1.0674349e+03   1.1820632e+03
   1.0977772e+03   1.2405804e+03
   1.1671309e+03   1.2969303e+03
   1.2429866e+03   1.3402764e+03
   1.3166750e+03   1.3489456e+03
   1.4011998e+03   1.3424437e+03
   1.4770555e+03   1.2969303e+03
   1.5247362e+03   1.2362458e+03
   1.5615804e+03   1.1820632e+03
   1.5745842e+03   1.1148767e+03
   1.5702496e+03   1.0281845e+03
   1.5420746e+03   9.4582695e+02
   1.5182343e+03   8.9814625e+02
   1.4618844e+03   8.4179634e+02
   1.3925306e+03   8.1578868e+02
