   1.5095651e+03   8.4179634e+02
   1.5420746e+03   8.8080782e+02
   1.5702496e+03   9.2632121e+02
   1.5702496e+03   9.7400191e+02
   1.5724169e+03   1.0130134e+03
   1.5464092e+03   1.0541922e+03
   1.5507439e+03   1.0910364e+03
   1.5464092e+03   1.1278805e+03
   1.5355727e+03   1.1647247e+03
   1.5073978e+03   1.1907324e+03
   1.4683863e+03   1.1972343e+03
   1.4228729e+03   1.1842305e+03
   1.3751922e+03   1.1733939e+03
   1.3318461e+03   1.1560555e+03
   1.2819981e+03   1.1105421e+03
   1.2689943e+03   1.0585268e+03
   1.2668270e+03   1.0021769e+03
   1.2971692e+03   9.5883078e+02
   1.3188423e+03   9.0681547e+02
   1.3491845e+03   8.7647321e+02
   1.3925306e+03   8.5913477e+02
   1.4380440e+03   8.3529442e+02
