   1.2561430e+03   8.6733429e+02
   1.2773106e+03   8.6365297e+02
   1.3086018e+03   8.7561725e+02
   1.3306897e+03   8.8666121e+02
   1.3481760e+03   9.0414747e+02
   1.3573793e+03   9.3175736e+02
   1.3610606e+03   9.6028757e+02
   1.3610606e+03   9.8789746e+02
   1.3518573e+03   1.0063041e+03
   1.3472557e+03   1.0164277e+03
   1.3270084e+03   1.0357546e+03
   1.3076815e+03   1.0495595e+03
   1.2819123e+03   1.0578425e+03
   1.2598243e+03   1.0615238e+03
   1.2322145e+03   1.0661255e+03
   1.2055249e+03   1.0587628e+03
   1.1825167e+03   1.0412766e+03
   1.1558271e+03   1.0311529e+03
   1.1438628e+03   1.0118260e+03
   1.1392612e+03   9.8145515e+02
   1.1401815e+03   9.5200461e+02
   1.1521458e+03   9.2991670e+02
   1.1687117e+03   9.1335077e+02
   1.1926403e+03   8.9954582e+02
   1.2082859e+03   8.9126286e+02
   1.2349754e+03   8.8021890e+02
