   1.6252698e+03   9.0407250e+02
   1.6675548e+03   8.4668572e+02
   1.7158805e+03   7.5909536e+02
   1.7279620e+03   6.9868822e+02
   1.7007787e+03   6.3224036e+02
   1.6584937e+03   5.7485358e+02
   1.6101680e+03   5.3860929e+02
   1.5346591e+03   5.0236501e+02
   1.4591502e+03   4.9028358e+02
   1.3927023e+03   5.0538536e+02
   1.3232341e+03   5.4767036e+02
   1.2779288e+03   6.0505715e+02
   1.2537659e+03   6.5942358e+02
   1.2537659e+03   7.4097322e+02
   1.2598066e+03   7.9231929e+02
   1.2900102e+03   8.4366536e+02
   1.3292748e+03   8.9803179e+02
   1.4017634e+03   9.3427607e+02
   1.4802927e+03   9.5239821e+02
   1.5376795e+03   9.4937786e+02
