   1.4470687e+03   6.8962715e+02
   1.3836412e+03   6.8962715e+02
   1.3262545e+03   7.0472893e+02
   1.2749084e+03   7.3191215e+02
   1.2416845e+03   7.7117679e+02
   1.2084605e+03   8.3158393e+02
   1.1963791e+03   8.8293000e+02
   1.1993995e+03   9.5843893e+02
   1.2265827e+03   1.0188461e+03
   1.2749084e+03   1.0822736e+03
   1.3202137e+03   1.1215382e+03
   1.3866616e+03   1.1366400e+03
   1.4319670e+03   1.1366400e+03
   1.5014352e+03   1.1124771e+03
   1.5558016e+03   1.0490496e+03
   1.5829848e+03   9.7656107e+02
   1.5950662e+03   9.0105214e+02
   1.5860052e+03   8.3460429e+02
   1.5618423e+03   7.8325822e+02
   1.5286184e+03   7.3795286e+02
