   1.2646596e+03   8.4613094e+02
   1.3210096e+03   8.5480016e+02
   1.3881960e+03   8.8514243e+02
   1.4380440e+03   9.2848852e+02
   1.4770555e+03   1.0000096e+03
   1.4813901e+03   1.0585268e+03
   1.4727209e+03   1.1192113e+03
   1.4510478e+03   1.1907324e+03
   1.4185383e+03   1.2384131e+03
   1.3578537e+03   1.2904284e+03
   1.2798308e+03   1.3034322e+03
   1.2104770e+03   1.2904284e+03
   1.1281195e+03   1.2449150e+03
   1.1021118e+03   1.2145727e+03
   1.0761042e+03   1.1755612e+03
   1.0652676e+03   1.1278805e+03
   1.0457619e+03   1.0606941e+03
   1.0479292e+03   1.0216826e+03
   1.0587657e+03   9.6966730e+02
   1.1172829e+03   8.9381164e+02
   1.1888040e+03   8.6346938e+02
