   1.1250129e+03   8.4832248e+02
   1.1525154e+03   8.0248497e+02
   1.1708504e+03   7.7498246e+02
   1.2258554e+03   7.4747996e+02
   1.2961396e+03   7.1692162e+02
   1.3603121e+03   7.1692162e+02
   1.4153171e+03   7.2914495e+02
   1.4672663e+03   7.6581496e+02
   1.5161596e+03   8.1776414e+02
   1.5589413e+03   8.8804832e+02
   1.5589413e+03   9.5833250e+02
   1.5467180e+03   1.0347283e+03
   1.5131038e+03   1.0927892e+03
   1.4580988e+03   1.1447384e+03
   1.3817029e+03   1.1905759e+03
   1.3114188e+03   1.1966875e+03
   1.2380787e+03   1.1691850e+03
   1.1769621e+03   1.1202917e+03
   1.1250129e+03   1.0591750e+03
   1.1097337e+03   9.7972334e+02
   1.1127895e+03   9.0332749e+02
