   1.2841654e+03   8.4179634e+02
   1.2711616e+03   8.2662520e+02
   1.2603250e+03   8.0495216e+02
   1.2581577e+03   7.8761372e+02
   1.2494885e+03   7.4860224e+02
   1.2689943e+03   7.0959076e+02
   1.2776635e+03   6.9008502e+02
   1.2950019e+03   6.6841197e+02
   1.3210096e+03   6.4890623e+02
   1.3600211e+03   6.3806971e+02
   1.3946979e+03   6.5324084e+02
   1.4142037e+03   6.7057928e+02
   1.4423786e+03   6.9658693e+02
   1.4423786e+03   7.4426763e+02
   1.4380440e+03   7.8978103e+02
   1.4185383e+03   8.3312712e+02
   1.3816941e+03   8.4396364e+02
   1.3383480e+03   8.5046555e+02
