   1.0822312e+03   9.6750000e+02
   1.0730637e+03   1.0133375e+03
   1.0822312e+03   1.1019567e+03
   1.1311246e+03   1.1600175e+03
   1.2105762e+03   1.1997434e+03
   1.2900279e+03   1.2027992e+03
   1.3755913e+03   1.1539059e+03
   1.4183729e+03   1.0683425e+03
   1.4244846e+03   9.8889084e+02
   1.4061496e+03   9.0638332e+02
   1.3817029e+03   8.4832248e+02
   1.3389213e+03   8.0554080e+02
   1.2716929e+03   7.9331747e+02
   1.1922412e+03   8.1776414e+02
   1.1250129e+03   8.6971331e+02
   1.1036220e+03   8.9721582e+02
