   1.1525154e+03   8.0859664e+02
   1.1005662e+03   8.6665748e+02
   1.0608404e+03   9.5222083e+02
   1.0394495e+03   1.0438958e+03
   1.0577845e+03   1.1325150e+03
   1.1127895e+03   1.2150225e+03
   1.2105762e+03   1.2669717e+03
   1.3053071e+03   1.2944742e+03
   1.3817029e+03   1.2578042e+03
   1.4336521e+03   1.1875200e+03
   1.4794896e+03   1.1019567e+03
   1.4947688e+03   1.0255608e+03
   1.4947688e+03   9.2777416e+02
   1.4397638e+03   8.5137831e+02
   1.3878146e+03   8.1470830e+02
   1.3053071e+03   7.8109413e+02
   1.2350229e+03   7.8109413e+02
