   1.2791548e+03   8.4870596e+02
   1.2946049e+03   8.6501439e+02
   1.3031883e+03   8.8218116e+02
   1.3031883e+03   9.0878965e+02
   1.2963216e+03   9.3453980e+02
   1.2851632e+03   9.4998990e+02
   1.2688548e+03   9.6801500e+02
   1.2465380e+03   9.7402337e+02
   1.2156378e+03   9.6715666e+02
   1.2053377e+03   9.4827322e+02
   1.2010460e+03   9.3282313e+02
   1.1950377e+03   8.9934793e+02
   1.1933210e+03   8.7445611e+02
   1.2010460e+03   8.4012258e+02
   1.2293712e+03   8.2982251e+02
   1.2525463e+03   8.3068085e+02
