   1.3006861e+03   7.4934557e+02
   1.2675029e+03   7.4934557e+02
   1.2306327e+03   7.5917761e+02
   1.1839305e+03   7.7884171e+02
   1.1519764e+03   8.0956685e+02
   1.1101902e+03   8.5381106e+02
   1.0770070e+03   9.0174229e+02
   1.0610299e+03   9.5090252e+02
   1.0659460e+03   1.0025208e+03
   1.0745490e+03   1.0529100e+03
   1.0929841e+03   1.1032992e+03
   1.1114192e+03   1.1340244e+03
   1.1421443e+03   1.1770396e+03
   1.1888465e+03   1.2077647e+03
   1.2502968e+03   1.2286578e+03
   1.3068311e+03   1.2409479e+03
   1.3658234e+03   1.2409479e+03
   1.4149836e+03   1.2225128e+03
   1.4407927e+03   1.1856426e+03
   1.4641438e+03   1.1438564e+03
   1.4960980e+03   1.0836351e+03
   1.5071590e+03   1.0369329e+03
   1.5169911e+03   9.8408567e+02
   1.5133041e+03   9.3615445e+02
   1.5010140e+03   8.8453620e+02
   1.4653728e+03   8.3660498e+02
   1.4358767e+03   8.0956685e+02
   1.4039226e+03   7.8375773e+02
   1.3707394e+03   7.6286463e+02
   1.3363272e+03   7.5549060e+02
