   1.3405153e+03   7.6160607e+02
   1.2819981e+03   7.7677720e+02
   1.2321501e+03   8.0278485e+02
   1.1823021e+03   8.5913477e+02
   1.1606290e+03   9.0681547e+02
   1.1454579e+03   9.8700574e+02
   1.1736329e+03   1.0736979e+03
   1.2234809e+03   1.1365498e+03
   1.2798308e+03   1.1690593e+03
   1.3448499e+03   1.1994016e+03
   1.4120364e+03   1.2037362e+03
   1.5095651e+03   1.1690593e+03
   1.5637477e+03   1.1278805e+03
   1.6049265e+03   1.0736979e+03
   1.6200976e+03   1.0173480e+03
   1.6222649e+03   9.4149235e+02
   1.5984246e+03   8.7213860e+02
   1.5615804e+03   8.3746173e+02
   1.5008958e+03   7.8544642e+02
   1.4250402e+03   7.7244259e+02
