   1.3412198e+03   8.6894222e+02
   1.2991199e+03   8.6894222e+02
   1.2604336e+03   8.7008005e+02
   1.2171959e+03   8.7690705e+02
   1.1409611e+03   9.1786905e+02
   1.1056883e+03   9.5086621e+02
   1.0692776e+03   9.8613904e+02
   1.0567614e+03   1.0225497e+03
   1.0510723e+03   1.0578225e+03
   1.0453831e+03   1.1067494e+03
   1.0419696e+03   1.1397465e+03
   1.0522101e+03   1.2000517e+03
   1.0761046e+03   1.2444272e+03
   1.1045504e+03   1.2853892e+03
   1.1409611e+03   1.3161107e+03
   1.1819231e+03   1.3513835e+03
   1.2297121e+03   1.3650375e+03
   1.2877416e+03   1.3741402e+03
   1.3400819e+03   1.3582105e+03
   1.3878709e+03   1.3434187e+03
   1.4140411e+03   1.3138350e+03
   1.4538653e+03   1.2671839e+03
   1.4891381e+03   1.1989139e+03
   1.5073434e+03   1.1408844e+03
   1.5096191e+03   1.0874062e+03
   1.5187217e+03   1.0339280e+03
   1.5073434e+03   1.0009309e+03
   1.4925516e+03   9.5883104e+02
   1.4697949e+03   9.2924738e+02
   1.4379356e+03   9.0307722e+02
   1.4060763e+03   8.8942322e+02
