   1.2533579e+03   8.2387581e+02
   1.2075204e+03   8.6054581e+02
   1.1708504e+03   9.1249499e+02
   1.1555712e+03   9.7972334e+02
   1.1616829e+03   1.0652867e+03
   1.1922412e+03   1.1325150e+03
   1.2747487e+03   1.2089109e+03
   1.3633679e+03   1.2303017e+03
   1.4794896e+03   1.1722409e+03
   1.5375505e+03   1.0836217e+03
   1.5681088e+03   1.0133375e+03
   1.5650530e+03   9.4305333e+02
   1.5344946e+03   8.9110415e+02
   1.4764338e+03   8.4221081e+02
   1.4183729e+03   8.2387581e+02
   1.3694796e+03   8.1165247e+02
   1.3389213e+03   8.0554080e+02
