   1.4163710e+03   7.5943876e+02
   1.3795268e+03   7.5943876e+02
   1.3166750e+03   7.7894450e+02
   1.2711616e+03   8.1795599e+02
   1.2039751e+03   8.8730973e+02
   1.1714656e+03   9.6316539e+02
   1.1584617e+03   1.0021769e+03
   1.1779675e+03   1.0650287e+03
   1.1888040e+03   1.1170440e+03
   1.2364847e+03   1.1842305e+03
   1.2885000e+03   1.2384131e+03
   1.3470172e+03   1.2904284e+03
   1.4185383e+03   1.3164360e+03
   1.5030632e+03   1.3251053e+03
   1.5767515e+03   1.2839265e+03
   1.6114284e+03   1.2449150e+03
   1.6461053e+03   1.2059035e+03
   1.6742802e+03   1.1387171e+03
   1.6851167e+03   1.0715306e+03
   1.6894513e+03   1.0086788e+03
   1.6569418e+03   9.4365965e+02
   1.6331014e+03   8.9381164e+02
   1.5854207e+03   8.3746173e+02
   1.5420746e+03   7.9194833e+02
   1.4792228e+03   7.6810798e+02
