   1.3925306e+03   9.0681547e+02
   1.4423786e+03   9.0898278e+02
   1.4813901e+03   9.1548469e+02
   1.5225689e+03   9.4582695e+02
   1.5702496e+03   9.7833652e+02
   1.6070938e+03   1.0238499e+03
   1.6005919e+03   1.1083748e+03
   1.5897553e+03   1.1733939e+03
   1.5724169e+03   1.2405804e+03
   1.5507439e+03   1.2709226e+03
   1.5095651e+03   1.3121014e+03
   1.4640517e+03   1.3467783e+03
   1.4120364e+03   1.3576148e+03
   1.3556864e+03   1.3576148e+03
   1.2798308e+03   1.3229379e+03
   1.2473212e+03   1.2839265e+03
   1.2104770e+03   1.2557515e+03
   1.1888040e+03   1.1972343e+03
   1.1692982e+03   1.1322151e+03
   1.1758002e+03   1.0715306e+03
   1.2061424e+03   1.0043442e+03
   1.2321501e+03   9.6099809e+02
   1.2624923e+03   9.2848852e+02
   1.2971692e+03   9.1115008e+02
   1.3361807e+03   9.0248086e+02
