   1.2692822e+03   6.1685427e+02
   1.3389745e+03   6.1270592e+02
   1.3995404e+03   6.2349164e+02
   1.4318976e+03   6.3759603e+02
   1.4692327e+03   6.6663448e+02
   1.5073975e+03   7.0231029e+02
   1.5206723e+03   7.4462347e+02
   1.5322876e+03   7.9689268e+02
   1.5289690e+03   8.6990365e+02
   1.5123756e+03   9.1387616e+02
   1.4883151e+03   9.6282670e+02
   1.4692327e+03   1.0067992e+03
   1.4294085e+03   1.0391563e+03
   1.3920734e+03   1.0598981e+03
   1.3431229e+03   1.0698541e+03
   1.2800679e+03   1.0665355e+03
   1.2228207e+03   1.0441344e+03
   1.1821669e+03   1.0092882e+03
   1.1456614e+03   9.8605746e+02
   1.1141339e+03   9.2715088e+02
   1.0991999e+03   8.5911794e+02
   1.1008592e+03   7.9274433e+02
   1.1149636e+03   7.2720039e+02
   1.1498097e+03   6.8073887e+02
   1.1979306e+03   6.4008504e+02
