   1.3253442e+03   7.3126380e+02
   1.2885000e+03   7.4643493e+02
   1.2451539e+03   7.6594068e+02
   1.2148116e+03   7.8544642e+02
   1.1779675e+03   8.1795599e+02
   1.1497925e+03   8.6130208e+02
   1.1216175e+03   9.1765200e+02
   1.1216175e+03   9.9350765e+02
   1.1367887e+03   1.0671960e+03
   1.1758002e+03   1.1235459e+03
   1.2451539e+03   1.1668920e+03
   1.3231769e+03   1.1863978e+03
   1.4120364e+03   1.2102381e+03
   1.4835574e+03   1.1842305e+03
   1.5377400e+03   1.1517209e+03
   1.5810861e+03   1.0932037e+03
   1.6114284e+03   1.0368537e+03
   1.6352687e+03   9.7833652e+02
   1.6092611e+03   9.1331739e+02
   1.5745842e+03   8.3746173e+02
   1.5420746e+03   7.9628294e+02
   1.4857247e+03   7.5076954e+02
   1.4163710e+03   7.3993302e+02
