   1.6353372e+03   1.0836217e+03
   1.6720072e+03   1.0163933e+03
   1.7086772e+03   9.1860666e+02
   1.6964538e+03   8.2693164e+02
   1.6658955e+03   7.5970329e+02
   1.6017230e+03   6.9247495e+02
   1.5161596e+03   6.5274910e+02
   1.4214288e+03   6.6191661e+02
   1.3236421e+03   6.9247495e+02
   1.2655812e+03   7.6581496e+02
   1.2227996e+03   8.8499248e+02
   1.2227996e+03   9.7972334e+02
   1.2533579e+03   1.0836217e+03
   1.3144746e+03   1.1508500e+03
   1.4030938e+03   1.1844642e+03
   1.4978246e+03   1.1905759e+03
   1.5742205e+03   1.1661292e+03
