   1.2441904e+03   1.1416825e+03
   1.3205863e+03   1.1233475e+03
   1.3755913e+03   1.0713984e+03
   1.4122613e+03   1.0072258e+03
   1.4367079e+03   9.3694166e+02
   1.4458754e+03   8.4526664e+02
   1.4153171e+03   7.9026163e+02
   1.3664238e+03   7.3525662e+02
   1.2930838e+03   7.0164245e+02
   1.1952971e+03   6.9858661e+02
   1.1127895e+03   7.2608912e+02
   1.0486170e+03   7.7803830e+02
   1.0088912e+03   8.3915497e+02
   1.0088912e+03   9.6138833e+02
   1.0425054e+03   1.0408400e+03
   1.0913987e+03   1.0989009e+03
   1.1494596e+03   1.1294592e+03
