   1.2798308e+03   5.1019874e+02
   1.3275115e+03   5.0152952e+02
   1.4011998e+03   5.0369682e+02
   1.4662190e+03   5.4704292e+02
   1.5138997e+03   5.7955248e+02
   1.5442419e+03   6.4890623e+02
   1.5680823e+03   7.0092154e+02
   1.5637477e+03   7.7894450e+02
   1.5399073e+03   8.5913477e+02
   1.4987285e+03   9.0248086e+02
   1.4575498e+03   9.4149235e+02
   1.4077018e+03   9.7183461e+02
   1.3275115e+03   9.8050383e+02
   1.2689943e+03   9.8050383e+02
   1.2061424e+03   9.6316539e+02
   1.1584617e+03   9.1115008e+02
   1.1346214e+03   8.3962903e+02
   1.1086137e+03   7.8761372e+02
   1.1129483e+03   7.2476189e+02
   1.1194502e+03   6.6624467e+02
   1.1302868e+03   6.1422936e+02
   1.1692982e+03   5.5137752e+02
   1.2213136e+03   5.2103526e+02
