   1.2453935e+03   6.6306524e+02
   1.2803494e+03   6.4752931e+02
   1.3489664e+03   6.4623465e+02
   1.4188780e+03   6.6306524e+02
   1.4939683e+03   7.0449437e+02
   1.5418708e+03   7.6922740e+02
   1.5690586e+03   8.5079101e+02
   1.5729426e+03   9.1940801e+02
   1.5638800e+03   9.6860511e+02
   1.5353975e+03   1.0294542e+03
   1.5133882e+03   1.0449901e+03
   1.4784324e+03   1.0903032e+03
   1.4395926e+03   1.1187857e+03
   1.3761542e+03   1.1433843e+03
   1.3295465e+03   1.1563309e+03
   1.2790547e+03   1.1382056e+03
   1.2492775e+03   1.1097231e+03
   1.2156163e+03   1.0851246e+03
   1.1936071e+03   1.0411061e+03
   1.1741872e+03   1.0035609e+03
   1.1625353e+03   9.4400656e+02
   1.1534726e+03   8.8963082e+02
   1.1521780e+03   8.2230848e+02
   1.1651246e+03   7.7052206e+02
   1.1871338e+03   7.3815555e+02
   1.2065537e+03   7.0449437e+02
