   1.1189012e+03   6.5580494e+02
   1.0852870e+03   7.0775412e+02
   1.0516729e+03   7.6887079e+02
   1.0455612e+03   8.2998747e+02
   1.0669520e+03   9.0332749e+02
   1.0975104e+03   9.7055583e+02
   1.1525154e+03   1.0316725e+03
   1.2289112e+03   1.0744542e+03
   1.3022513e+03   1.0958450e+03
   1.4000379e+03   1.0713984e+03
   1.4672663e+03   1.0133375e+03
   1.5222713e+03   9.4916500e+02
   1.5375505e+03   8.5137831e+02
   1.5467180e+03   7.7498246e+02
   1.5344946e+03   7.0164245e+02
   1.4886571e+03   6.4358160e+02
   1.4305963e+03   6.0385576e+02
   1.3572563e+03   5.7635326e+02
   1.2930838e+03   5.7024159e+02
   1.2105762e+03   5.8552076e+02
