   1.4748882e+03   4.4517960e+02
   1.5204016e+03   4.6468534e+02
   1.5897553e+03   4.8635839e+02
   1.6179303e+03   5.1453335e+02
   1.6699456e+03   5.9905822e+02
   1.6894513e+03   6.5540814e+02
   1.6894513e+03   7.1392537e+02
   1.6786148e+03   7.9194833e+02
   1.6591091e+03   8.5696747e+02
   1.6309341e+03   9.1331739e+02
   1.5832534e+03   9.5016156e+02
   1.5073978e+03   9.8917305e+02
   1.4575498e+03   1.0043442e+03
   1.3968652e+03   1.0108461e+03
   1.3318461e+03   1.0065115e+03
   1.2776635e+03   9.7833652e+02
   1.2213136e+03   9.0681547e+02
   1.1714656e+03   8.4396364e+02
   1.1519598e+03   7.9628294e+02
   1.1562944e+03   7.2692919e+02
   1.1562944e+03   6.2723318e+02
   1.1823021e+03   5.7955248e+02
   1.2126443e+03   5.4270831e+02
   1.2494885e+03   4.9719491e+02
   1.2993365e+03   4.6468534e+02
   1.3838614e+03   4.3000847e+02
