   1.2169789e+03   7.5076954e+02
   1.2559904e+03   7.3559841e+02
   1.3188423e+03   7.2692919e+02
   1.4098691e+03   7.3776572e+02
   1.4683863e+03   7.5943876e+02
   1.5095651e+03   8.0495216e+02
   1.5637477e+03   8.5696747e+02
   1.5832534e+03   9.1765200e+02
   1.5919226e+03   9.7833652e+02
   1.5875880e+03   1.0411884e+03
   1.5702496e+03   1.0975383e+03
   1.5442419e+03   1.1452190e+03
   1.4878920e+03   1.1950670e+03
   1.4467132e+03   1.2362458e+03
   1.4055344e+03   1.2622534e+03
   1.3405153e+03   1.2795919e+03
   1.2733289e+03   1.2774246e+03
   1.2039751e+03   1.2622534e+03
   1.1627963e+03   1.2384131e+03
   1.1194502e+03   1.2102381e+03
   1.0782715e+03   1.1560555e+03
   1.0652676e+03   1.1040402e+03
   1.0609330e+03   9.9784226e+02
   1.0739368e+03   9.3499043e+02
   1.0804388e+03   8.7864051e+02
   1.1129483e+03   8.2662520e+02
   1.1606290e+03   7.8111181e+02
