   1.2631564e+03   8.3754756e+02
   1.3065501e+03   8.2586462e+02
   1.3499439e+03   8.3921655e+02
   1.3833237e+03   8.6258243e+02
   1.4100276e+03   9.0430722e+02
   1.4133656e+03   9.5270797e+02
   1.4050206e+03   9.8775679e+02
   1.3816548e+03   1.0278126e+03
   1.3566199e+03   1.0645304e+03
   1.3115571e+03   1.0812203e+03
   1.2781773e+03   1.0778823e+03
   1.2414595e+03   1.0578544e+03
   1.2247696e+03   1.0394955e+03
   1.2030727e+03   9.9276376e+02
   1.1997347e+03   9.6105292e+02
   1.1980657e+03   9.3601805e+02
   1.2014037e+03   8.9930024e+02
   1.2264386e+03   8.6425142e+02
