   1.2559904e+03   7.0959076e+02
   1.2148116e+03   7.3993302e+02
   1.1606290e+03   7.7460989e+02
   1.1129483e+03   8.3962903e+02
   1.0739368e+03   9.1548469e+02
   1.0739368e+03   9.8700574e+02
   1.0934426e+03   1.0585268e+03
   1.1346214e+03   1.1235459e+03
   1.1888040e+03   1.1712266e+03
   1.2559904e+03   1.2124054e+03
   1.3535191e+03   1.2319112e+03
   1.4228729e+03   1.2124054e+03
   1.4900593e+03   1.1863978e+03
   1.5464092e+03   1.1040402e+03
   1.5810861e+03   1.0368537e+03
   1.5940899e+03   9.5016156e+02
   1.5897553e+03   8.6130208e+02
   1.5594131e+03   8.0495216e+02
   1.4835574e+03   7.4643493e+02
   1.4163710e+03   7.2259458e+02
   1.3405153e+03   7.0959076e+02
