   1.2646596e+03   6.9441963e+02
   1.3080057e+03   6.9875423e+02
   1.3470172e+03   6.9875423e+02
   1.3881960e+03   7.2259458e+02
   1.4077018e+03   7.6160607e+02
   1.4185383e+03   7.9628294e+02
   1.4207056e+03   8.3312712e+02
   1.4120364e+03   8.9814625e+02
   1.3665230e+03   9.5449617e+02
   1.3275115e+03   9.6533270e+02
   1.2841654e+03   9.7400191e+02
   1.2364847e+03   9.6316539e+02
   1.1996405e+03   9.3715774e+02
   1.1671309e+03   8.9597895e+02
   1.1562944e+03   8.5480016e+02
   1.1649636e+03   7.9628294e+02
   1.1779675e+03   7.7244259e+02
   1.2169789e+03   7.2259458e+02
