   1.3500266e+03   9.5858357e+02
   1.3795155e+03   9.5971775e+02
   1.4090043e+03   9.7786474e+02
   1.4294197e+03   1.0062194e+03
   1.4373590e+03   1.0323057e+03
   1.4158094e+03   1.0606603e+03
   1.3783813e+03   1.0799415e+03
   1.3398189e+03   1.0878808e+03
   1.2910489e+03   1.0946859e+03
   1.2604259e+03   1.0765389e+03
   1.2468157e+03   1.0470501e+03
   1.2592917e+03   1.0152929e+03
   1.2774387e+03   1.0005485e+03
   1.2921831e+03   9.9034078e+02
   1.3205378e+03   9.7559636e+02
   1.3205378e+03   9.7559636e+02
