   1.2209779e+03   8.8885946e+02
   1.1913396e+03   9.1081381e+02
   1.1562126e+03   9.3496359e+02
   1.1320628e+03   9.7338369e+02
   1.1221834e+03   1.0074129e+03
   1.1134016e+03   1.0787646e+03
   1.1155971e+03   1.1369436e+03
   1.1375514e+03   1.1940249e+03
   1.1671898e+03   1.2346404e+03
   1.2067076e+03   1.2774514e+03
   1.2572026e+03   1.3202624e+03
   1.3055022e+03   1.3477053e+03
   1.3603880e+03   1.3564870e+03
   1.4295442e+03   1.3444122e+03
   1.4800392e+03   1.3257510e+03
   1.5140685e+03   1.3037966e+03
   1.5513908e+03   1.2576925e+03
   1.5766383e+03   1.2060998e+03
   1.5865178e+03   1.1325527e+03
   1.5799315e+03   1.0699828e+03
   1.5601726e+03   1.0085106e+03
   1.5316319e+03   9.5691793e+02
   1.4844301e+03   9.1410696e+02
   1.4207625e+03   8.7788229e+02
   1.3570949e+03   8.6251424e+02
   1.2912318e+03   8.6031881e+02
