   1.4917130e+03   1.0163933e+03
   1.4244846e+03   1.0805659e+03
   1.3939263e+03   1.1080684e+03
   1.3022513e+03   1.1264034e+03
   1.2350229e+03   1.0897334e+03
   1.1616829e+03   1.0255608e+03
   1.1158454e+03   9.5527666e+02
   1.0944545e+03   8.7888082e+02
   1.1066779e+03   8.1165247e+02
   1.1525154e+03   7.7192663e+02
   1.2258554e+03   7.1997745e+02
   1.3236421e+03   6.9247495e+02
   1.4000379e+03   7.1080995e+02
   1.4611546e+03   7.6581496e+02
   1.5161596e+03   8.2387581e+02
   1.5375505e+03   9.2777416e+02
