   1.4410280e+03   1.1185179e+03
   1.4833130e+03   1.0309275e+03
   1.4984148e+03   9.7958143e+02
   1.4984148e+03   9.0709286e+02
   1.4772723e+03   8.3460429e+02
   1.4168652e+03   7.7721750e+02
   1.3413562e+03   7.4701393e+02
   1.2688677e+03   7.7117679e+02
   1.2145013e+03   8.1044143e+02
   1.1752366e+03   8.7688929e+02
   1.1722163e+03   9.5239821e+02
   1.1722163e+03   1.0309275e+03
   1.1933588e+03   1.1003957e+03
   1.2416845e+03   1.1608029e+03
   1.2990712e+03   1.1879861e+03
   1.3624987e+03   1.1759046e+03
