   1.1408878e+03   7.4827311e+02
   1.1213587e+03   7.6454741e+02
   1.0920649e+03   7.9275619e+02
   1.0736207e+03   8.3072955e+02
   1.0519217e+03   8.8172235e+02
   1.0378173e+03   9.2837534e+02
   1.0367323e+03   9.8479291e+02
   1.0443270e+03   1.0422954e+03
   1.0638562e+03   1.0867785e+03
   1.0812154e+03   1.1323465e+03
   1.1343781e+03   1.1941889e+03
   1.1983903e+03   1.2321622e+03
   1.2743371e+03   1.2397569e+03
   1.3394343e+03   1.2375870e+03
   1.3850023e+03   1.2050384e+03
   1.4262305e+03   1.1507907e+03
   1.4544393e+03   1.0954581e+03
   1.4804782e+03   1.0281910e+03
   1.4913277e+03   9.5983898e+02
   1.4913277e+03   8.8714712e+02
   1.4609490e+03   8.3398441e+02
   1.4229757e+03   7.9167124e+02
   1.3633032e+03   7.4718816e+02
   1.3123104e+03   7.1789442e+02
   1.2396186e+03   7.0162013e+02
   1.1929656e+03   7.1572452e+02
