   1.2256482e+03   6.9225232e+02
   1.2819981e+03   6.8141580e+02
   1.3426826e+03   6.9875423e+02
   1.3968652e+03   7.1175806e+02
   1.4445459e+03   7.5076954e+02
   1.4857247e+03   7.7677720e+02
   1.5138997e+03   8.3312712e+02
   1.5334054e+03   8.9814625e+02
   1.5247362e+03   9.7400191e+02
   1.4900593e+03   1.0411884e+03
   1.4467132e+03   1.0975383e+03
   1.3795268e+03   1.1322151e+03
   1.2754962e+03   1.1300478e+03
   1.1996405e+03   1.0953710e+03
   1.1541271e+03   1.0476903e+03
   1.1151156e+03   1.0130134e+03
   1.0891080e+03   9.5449617e+02
   1.0674349e+03   8.9381164e+02
   1.0891080e+03   8.0928677e+02
   1.1302868e+03   7.5943876e+02
   1.1671309e+03   7.2909650e+02
