   1.1281195e+03   7.0308884e+02
   1.0847734e+03   7.3343111e+02
   1.0479292e+03   7.7244259e+02
   1.0305908e+03   8.2879251e+02
   1.0175869e+03   9.0681547e+02
   1.0262561e+03   9.6316539e+02
   1.0609330e+03   1.0281845e+03
   1.0912753e+03   1.0585268e+03
   1.1346214e+03   1.0953710e+03
   1.2039751e+03   1.1235459e+03
   1.2841654e+03   1.1127094e+03
   1.3556864e+03   1.0932037e+03
   1.3946979e+03   1.0476903e+03
   1.4272075e+03   9.8917305e+02
   1.4532151e+03   9.1331739e+02
   1.4315421e+03   8.3746173e+02
   1.4098691e+03   7.7677720e+02
   1.3708576e+03   7.2909650e+02
   1.3361807e+03   6.9658693e+02
   1.2993365e+03   6.7708119e+02
   1.2624923e+03   6.7491388e+02
   1.2083097e+03   6.8575041e+02
