   1.3535191e+03   7.4426763e+02
   1.3925306e+03   7.4643493e+02
   1.4575498e+03   7.6377337e+02
   1.5312381e+03   7.8111181e+02
   1.5767515e+03   8.2662520e+02
   1.6244322e+03   9.0898278e+02
   1.6244322e+03   9.9134035e+02
   1.5875880e+03   1.0541922e+03
   1.5594131e+03   1.0975383e+03
   1.5269035e+03   1.1408844e+03
   1.4813901e+03   1.1755612e+03
   1.4142037e+03   1.1712266e+03
   1.3275115e+03   1.1733939e+03
   1.2798308e+03   1.1365498e+03
   1.2364847e+03   1.0910364e+03
   1.2018078e+03   1.0151807e+03
   1.1866367e+03   9.5449617e+02
   1.2018078e+03   8.9597895e+02
   1.2213136e+03   8.3746173e+02
   1.2538231e+03   7.9628294e+02
   1.2906673e+03   7.6810798e+02
