   1.2166879e+03   1.0836217e+03
   1.2594696e+03   1.0866775e+03
   1.3022513e+03   1.0683425e+03
   1.3205863e+03   1.0286167e+03
   1.3328096e+03   9.8583500e+02
   1.3236421e+03   9.4305333e+02
   1.2991954e+03   9.1860666e+02
   1.2655812e+03   9.0638332e+02
   1.2014087e+03   8.9415999e+02
   1.1616829e+03   9.0332749e+02
   1.1311246e+03   9.3082999e+02
   1.1158454e+03   9.6138833e+02
   1.1036220e+03   9.9500251e+02
   1.1158454e+03   1.0347283e+03
   1.1402921e+03   1.0652867e+03
   1.1586271e+03   1.0836217e+03
