   1.3578537e+03   6.0122553e+02
   1.3080057e+03   6.2506588e+02
   1.2689943e+03   6.5757545e+02
   1.2343174e+03   6.8575041e+02
   1.1888040e+03   7.3993302e+02
   1.1844694e+03   7.7894450e+02
   1.1736329e+03   8.3529442e+02
   1.1844694e+03   8.8297512e+02
   1.2169789e+03   9.3499043e+02
   1.2516558e+03   9.6966730e+02
   1.3036711e+03   1.0086788e+03
   1.3816941e+03   1.0238499e+03
   1.4618844e+03   1.0238499e+03
   1.5269035e+03   1.0000096e+03
   1.5702496e+03   9.4149235e+02
   1.6049265e+03   8.6346938e+02
   1.6244322e+03   7.9628294e+02
   1.6005919e+03   7.0092154e+02
   1.5615804e+03   6.5757545e+02
   1.5182343e+03   6.2723318e+02
   1.4597171e+03   5.9689092e+02
