   1.0545151e+03   7.9201135e+02
   1.0176842e+03   7.9851093e+02
   9.8735282e+02   8.2884230e+02
   9.7435366e+02   8.4834104e+02
   9.6568755e+02   8.7433936e+02
   9.5485492e+02   9.0033768e+02
   9.6135450e+02   9.3716863e+02
   9.8085324e+02   9.6966653e+02
   1.0198507e+03   9.9783137e+02
   1.0523486e+03   9.9999790e+02
   1.0935126e+03   9.8916526e+02
   1.0978457e+03   9.5883389e+02
   1.0956791e+03   9.2416947e+02
   1.1000122e+03   8.8517199e+02
   1.1000122e+03   8.4834104e+02
   1.1000122e+03   8.0717704e+02
