   1.2044646e+03   5.2745991e+02
   1.1586271e+03   5.7940909e+02
   1.1219571e+03   6.6497244e+02
   1.1127895e+03   7.5359162e+02
   1.1219571e+03   8.3609914e+02
   1.1494596e+03   9.1860666e+02
   1.2136321e+03   9.8889084e+02
   1.2808604e+03   1.0102817e+03
   1.3633679e+03   1.0133375e+03
   1.4611546e+03   9.7972334e+02
   1.5314388e+03   8.9110415e+02
   1.5711646e+03   8.2998747e+02
   1.5925555e+03   7.4442412e+02
   1.5772763e+03   6.3746994e+02
   1.5558855e+03   5.8552076e+02
   1.4978246e+03   5.2440408e+02
   1.4428196e+03   4.9384574e+02
   1.3755913e+03   4.6939907e+02
   1.2961396e+03   4.8162240e+02
