   1.2515485e+03   7.2920379e+02
   1.2756249e+03   7.2555585e+02
   1.2916759e+03   7.1971915e+02
   1.3230481e+03   7.2920379e+02
   1.3456653e+03   7.4598431e+02
   1.3690121e+03   7.6276482e+02
   1.3770376e+03   7.8611163e+02
   1.3690121e+03   8.0799926e+02
   1.3573387e+03   8.3645318e+02
   1.3471245e+03   8.5396328e+02
   1.3179410e+03   8.8022844e+02
   1.2872983e+03   8.9190184e+02
   1.2544669e+03   8.8898349e+02
   1.2325793e+03   8.7803968e+02
   1.2106916e+03   8.5615205e+02
   1.1975590e+03   8.2988689e+02
   1.1968295e+03   8.0799926e+02
   1.2063141e+03   7.7735658e+02
   1.2252834e+03   7.4817307e+02
