   1.2885000e+03   6.3590240e+02
   1.2581577e+03   6.7274658e+02
   1.2213136e+03   7.2692919e+02
   1.2061424e+03   7.8327911e+02
   1.1909713e+03   8.6130208e+02
   1.1996405e+03   9.4365965e+02
   1.2278155e+03   1.0151807e+03
   1.2733289e+03   1.0606941e+03
   1.3383480e+03   1.0867018e+03
   1.3838614e+03   1.1127094e+03
   1.4748882e+03   1.1213786e+03
   1.5334054e+03   1.1018729e+03
   1.6114284e+03   1.0541922e+03
   1.6417706e+03   1.0043442e+03
   1.6461053e+03   9.4365965e+02
   1.6634437e+03   8.7647321e+02
   1.6656110e+03   7.9628294e+02
   1.6157630e+03   6.9441963e+02
   1.5377400e+03   6.2506588e+02
   1.4662190e+03   6.1206205e+02
   1.3903633e+03   5.9255631e+02
