   1.2603250e+03   7.8544642e+02
   1.3015038e+03   7.8761372e+02
   1.3426826e+03   8.0495216e+02
   1.3773595e+03   8.3312712e+02
   1.4033671e+03   8.7647321e+02
   1.4272075e+03   9.1548469e+02
   1.4510478e+03   9.4799426e+02
   1.4445459e+03   1.0021769e+03
   1.4423786e+03   1.0368537e+03
   1.4467132e+03   1.0953710e+03
   1.4163710e+03   1.1473863e+03
   1.3816941e+03   1.1842305e+03
   1.3275115e+03   1.1994016e+03
   1.2819981e+03   1.2189073e+03
   1.2234809e+03   1.2059035e+03
   1.1909713e+03   1.1928997e+03
   1.1584617e+03   1.1625574e+03
   1.1064464e+03   1.1170440e+03
   1.0674349e+03   1.0628614e+03
   1.0631003e+03   1.0043442e+03
   1.0631003e+03   9.3932504e+02
   1.0847734e+03   8.8947704e+02
   1.1237849e+03   8.4829825e+02
   1.1606290e+03   8.2445790e+02
   1.2083097e+03   8.0061755e+02
