   1.2906673e+03   5.1019874e+02
   1.2321501e+03   5.2970448e+02
   1.1823021e+03   5.5354483e+02
   1.1476252e+03   5.7955248e+02
   1.1237849e+03   6.2940049e+02
   1.1129483e+03   6.7274658e+02
   1.1107810e+03   7.4860224e+02
   1.1129483e+03   8.0278485e+02
   1.1281195e+03   8.5913477e+02
   1.1454579e+03   9.0248086e+02
   1.1844694e+03   9.4365965e+02
   1.2191463e+03   9.8267113e+02
   1.2581577e+03   1.0021769e+03
   1.3145077e+03   1.0173480e+03
   1.3838614e+03   1.0130134e+03
   1.4445459e+03   9.8917305e+02
   1.4835574e+03   9.4799426e+02
   1.5095651e+03   8.9381164e+02
   1.5312381e+03   8.3746173e+02
   1.5442419e+03   7.7460989e+02
   1.5594131e+03   7.1175806e+02
   1.5702496e+03   6.3806971e+02
   1.5529112e+03   5.9472362e+02
   1.5160670e+03   5.5787944e+02
   1.4727209e+03   5.1886796e+02
   1.4207056e+03   4.9502761e+02
   1.3578537e+03   4.9719491e+02
