   1.1779675e+03   9.1765200e+02
   1.2429866e+03   9.0681547e+02
   1.3231769e+03   9.1331739e+02
   1.3773595e+03   9.3282313e+02
   1.4293748e+03   9.6966730e+02
   1.4445459e+03   1.0346864e+03
   1.4727209e+03   1.1170440e+03
   1.4532151e+03   1.2145727e+03
   1.4207056e+03   1.2969303e+03
   1.3665230e+03   1.3554475e+03
   1.2863327e+03   1.3901244e+03
   1.2256482e+03   1.4009609e+03
   1.1584617e+03   1.3749533e+03
   1.1064464e+03   1.3359418e+03
   1.0652676e+03   1.2904284e+03
   1.0457619e+03   1.2492496e+03
   1.0219215e+03   1.1928997e+03
   1.0219215e+03   1.1278805e+03
   1.0457619e+03   1.0520249e+03
   1.0804388e+03   1.0021769e+03
   1.1129483e+03   9.5016156e+02
