   1.3340134e+03   5.2970448e+02
   1.3860287e+03   5.1236604e+02
   1.4380440e+03   5.0586413e+02
   1.4965612e+03   5.2320257e+02
   1.5615804e+03   5.4054100e+02
   1.6070938e+03   5.8388709e+02
   1.6591091e+03   6.7057928e+02
   1.6721129e+03   7.6160607e+02
   1.6504399e+03   8.4396364e+02
   1.6049265e+03   9.2415391e+02
   1.5290708e+03   9.7400191e+02
   1.4510478e+03   9.8050383e+02
   1.3621884e+03   9.7400191e+02
   1.2863327e+03   9.3715774e+02
   1.2126443e+03   8.9164434e+02
   1.1714656e+03   8.1578868e+02
   1.1606290e+03   7.3126380e+02
   1.1909713e+03   6.5324084e+02
   1.2429866e+03   5.6654866e+02
