   1.2192360e+03   6.5420624e+02
   1.2532616e+03   6.4853531e+02
   1.2997632e+03   6.4399856e+02
   1.3564725e+03   6.5534042e+02
   1.4165844e+03   6.8369508e+02
   1.4653544e+03   7.2565998e+02
   1.4914407e+03   7.7329580e+02
   1.4971117e+03   8.2887093e+02
   1.5084535e+03   9.0259305e+02
   1.4925749e+03   9.7177841e+02
   1.4608177e+03   1.0239510e+03
   1.4199870e+03   1.0738552e+03
   1.3689486e+03   1.1101491e+03
   1.3145077e+03   1.1419064e+03
   1.2453223e+03   1.1589192e+03
   1.1852104e+03   1.1464431e+03
   1.1262327e+03   1.1158201e+03
   1.0944755e+03   1.0783919e+03
   1.0740601e+03   1.0489031e+03
   1.0491080e+03   1.0058040e+03
   1.0479739e+03   9.7971772e+02
   1.0389004e+03   9.4342376e+02
   1.0468397e+03   8.7083583e+02
   1.0491080e+03   8.2660256e+02
   1.0593157e+03   7.8350348e+02
   1.0729260e+03   7.5174626e+02
   1.1092199e+03   7.0070788e+02
   1.1500506e+03   6.8142671e+02
   1.1874788e+03   6.6441391e+02
