   1.3405153e+03   7.4643493e+02
   1.3166750e+03   7.6594068e+02
   1.2971692e+03   7.8978103e+02
   1.2776635e+03   8.1795599e+02
   1.2603250e+03   8.5480016e+02
   1.2581577e+03   8.8947704e+02
   1.2646596e+03   9.1981930e+02
   1.2841654e+03   9.5016156e+02
   1.2971692e+03   9.7616922e+02
   1.3058384e+03   1.0086788e+03
   1.3405153e+03   1.0303518e+03
   1.3751922e+03   1.0346864e+03
   1.4011998e+03   1.0108461e+03
   1.4098691e+03   9.8917305e+02
   1.4098691e+03   9.4582695e+02
   1.4185383e+03   8.9814625e+02
   1.4207056e+03   8.5696747e+02
   1.4207056e+03   8.1795599e+02
   1.4142037e+03   7.8978103e+02
   1.4077018e+03   7.5510415e+02
   1.3795268e+03   7.4426763e+02
