   1.2213136e+03   6.7057928e+02
   1.1519598e+03   6.9441963e+02
   1.1021118e+03   7.2692919e+02
   1.0696022e+03   7.7677720e+02
   1.0544311e+03   8.3312712e+02
   1.0435946e+03   8.8947704e+02
   1.0522638e+03   9.5449617e+02
   1.0891080e+03   1.0260172e+03
   1.1237849e+03   1.0867018e+03
   1.1844694e+03   1.1538882e+03
   1.2494885e+03   1.1733939e+03
   1.3383480e+03   1.1733939e+03
   1.4077018e+03   1.1278805e+03
   1.4662190e+03   1.0541922e+03
   1.5117324e+03   9.5666348e+02
   1.5160670e+03   8.4613094e+02
   1.4878920e+03   7.7460989e+02
   1.4358767e+03   7.1175806e+02
   1.3838614e+03   6.8575041e+02
   1.2971692e+03   6.6407736e+02
