   1.2863327e+03   9.2848852e+02
   1.3296788e+03   9.4582695e+02
   1.3535191e+03   9.7833652e+02
   1.3621884e+03   1.0000096e+03
   1.3708576e+03   1.0455230e+03
   1.3643557e+03   1.0910364e+03
   1.3383480e+03   1.1127094e+03
   1.3123404e+03   1.1452190e+03
   1.2538231e+03   1.1647247e+03
   1.2018078e+03   1.1582228e+03
   1.1671309e+03   1.1387171e+03
   1.1476252e+03   1.0823671e+03
   1.1411233e+03   1.0736979e+03
   1.1432906e+03   1.0260172e+03
   1.1606290e+03   9.5016156e+02
   1.1801348e+03   9.3932504e+02
   1.2126443e+03   9.2632121e+02
   1.2364847e+03   9.2415391e+02
