   1.3968652e+03   7.4860224e+02
   1.4358767e+03   7.4643493e+02
   1.4618844e+03   7.4860224e+02
   1.4943939e+03   7.5943876e+02
   1.5160670e+03   7.6810798e+02
   1.5377400e+03   7.8544642e+02
   1.5485765e+03   8.0061755e+02
   1.5550785e+03   8.2445790e+02
   1.5485765e+03   8.5696747e+02
   1.5377400e+03   8.7864051e+02
   1.5204016e+03   9.0248086e+02
   1.4943939e+03   9.3065582e+02
   1.4662190e+03   9.5449617e+02
   1.4315421e+03   9.6750000e+02
   1.4142037e+03   9.6750000e+02
   1.3730249e+03   9.4149235e+02
   1.3600211e+03   9.2848852e+02
   1.3556864e+03   8.9381164e+02
   1.3491845e+03   8.4396364e+02
   1.3556864e+03   8.1795599e+02
   1.3665230e+03   7.8327911e+02
