   1.4153171e+03   1.1416825e+03
   1.4519871e+03   1.0989009e+03
   1.4733780e+03   1.0225050e+03
   1.4672663e+03   9.1555082e+02
   1.4367079e+03   8.2693164e+02
   1.3786471e+03   7.6887079e+02
   1.3083629e+03   7.3525662e+02
   1.2227996e+03   7.1692162e+02
   1.1311246e+03   7.4136829e+02
   1.0516729e+03   7.9942913e+02
   9.9972369e+02   9.0027165e+02
   9.9055619e+02   9.8889084e+02
   1.0363937e+03   1.0927892e+03
   1.0730637e+03   1.1447384e+03
   1.1586271e+03   1.1997434e+03
   1.2441904e+03   1.2211342e+03
   1.3297538e+03   1.2150225e+03
