   1.2451539e+03   7.9628294e+02
   1.2104770e+03   7.9628294e+02
   1.1541271e+03   8.0711946e+02
   1.1172829e+03   8.3962903e+02
   1.1021118e+03   8.6997129e+02
   1.0891080e+03   9.0681547e+02
   1.0999445e+03   9.2632121e+02
   1.1259522e+03   9.7400191e+02
   1.1411233e+03   1.0043442e+03
   1.1931386e+03   1.0238499e+03
   1.2408193e+03   1.0238499e+03
   1.2950019e+03   1.0238499e+03
   1.3145077e+03   1.0108461e+03
   1.3340134e+03   9.8917305e+02
   1.3361807e+03   9.5016156e+02
   1.3513518e+03   9.1981930e+02
   1.3426826e+03   8.8080782e+02
   1.3318461e+03   8.5263286e+02
   1.3123404e+03   8.3312712e+02
   1.2863327e+03   8.1795599e+02
