   1.1714656e+03   7.7027529e+02
   1.1974732e+03   7.6160607e+02
   1.2646596e+03   7.6377337e+02
   1.3643557e+03   7.8111181e+02
   1.4185383e+03   8.2445790e+02
   1.4640517e+03   9.0681547e+02
   1.4792228e+03   1.0021769e+03
   1.4575498e+03   1.0975383e+03
   1.4142037e+03   1.1603901e+03
   1.3405153e+03   1.2124054e+03
   1.2473212e+03   1.2189073e+03
   1.1801348e+03   1.1994016e+03
   1.1194502e+03   1.1582228e+03
   1.1042791e+03   1.1105421e+03
   1.0587657e+03   1.0585268e+03
   1.0479292e+03   1.0108461e+03
   1.0349254e+03   9.2848852e+02
   1.0435946e+03   8.7213860e+02
   1.0717695e+03   8.1145407e+02
   1.1216175e+03   7.9194833e+02
