   1.4061496e+03   1.2394692e+03
   1.3633679e+03   1.2761392e+03
   1.3328096e+03   1.2761392e+03
   1.2747487e+03   1.2883626e+03
   1.2166879e+03   1.2761392e+03
   1.1708504e+03   1.2516926e+03
   1.1311246e+03   1.2272459e+03
   1.1036220e+03   1.1814084e+03
   1.0761195e+03   1.1233475e+03
   1.0730637e+03   1.0622309e+03
   1.0791754e+03   1.0102817e+03
   1.1005662e+03   9.5222083e+02
   1.1280687e+03   9.1249499e+02
   1.1830737e+03   8.7888082e+02
   1.2441904e+03   8.5748998e+02
   1.3053071e+03   8.5748998e+02
   1.3633679e+03   8.7888082e+02
   1.4092054e+03   9.0332749e+02
   1.4489313e+03   9.5527666e+02
   1.4733780e+03   1.0041700e+03
   1.4733780e+03   1.0652867e+03
   1.4611546e+03   1.1172359e+03
   1.4336521e+03   1.1814084e+03
