   1.0425054e+03   7.7192663e+02
   9.9361203e+02   8.2387581e+02
   9.5999785e+02   9.0638332e+02
   9.6916535e+02   1.0011142e+03
   1.0058354e+03   1.0866775e+03
   1.0638962e+03   1.1386267e+03
   1.1555712e+03   1.1539059e+03
   1.2441904e+03   1.1508500e+03
   1.3297538e+03   1.1172359e+03
   1.3908704e+03   1.0561192e+03
   1.4244846e+03   9.3999749e+02
   1.4092054e+03   8.5443414e+02
   1.3755913e+03   7.7803830e+02
   1.3083629e+03   7.3525662e+02
   1.2411346e+03   7.1692162e+02
   1.1494596e+03   7.1692162e+02
   1.1097337e+03   7.2608912e+02
