   1.1042791e+03   6.4023701e+02
   1.0609330e+03   6.4890623e+02
   1.0219215e+03   6.7274658e+02
   9.8507736e+02   7.0742345e+02
   9.4606588e+02   7.3559841e+02
   9.1572362e+02   7.9628294e+02
   8.8971596e+02   8.6563669e+02
   9.1138901e+02   9.3499043e+02
   9.3739666e+02   9.8483844e+02
   9.7857545e+02   1.0303518e+03
   1.0305908e+03   1.0888691e+03
   1.1042791e+03   1.1192113e+03
   1.1801348e+03   1.1105421e+03
   1.2538231e+03   1.0910364e+03
   1.3036711e+03   1.0411884e+03
   1.3275115e+03   1.0108461e+03
   1.3470172e+03   9.4799426e+02
   1.3578537e+03   8.6997129e+02
   1.3296788e+03   7.8978103e+02
   1.2928346e+03   7.3993302e+02
   1.2538231e+03   6.9658693e+02
   1.1974732e+03   6.6191006e+02
   1.1627963e+03   6.4023701e+02
