   1.1953059e+03   6.2940049e+02
   1.1454579e+03   6.3806971e+02
   1.0869407e+03   6.6841197e+02
   1.0370927e+03   7.0525615e+02
   9.8291006e+02   7.4860224e+02
   9.6557162e+02   7.9845024e+02
   9.5040049e+02   8.6997129e+02
   9.5040049e+02   9.3932504e+02
   9.6990623e+02   9.9350765e+02
   1.0089177e+03   1.0823671e+03
   1.0696022e+03   1.1387171e+03
   1.1237849e+03   1.1928997e+03
   1.1866367e+03   1.2232419e+03
   1.2841654e+03   1.2037362e+03
   1.3578537e+03   1.1517209e+03
   1.4207056e+03   1.0758652e+03
   1.4467132e+03   1.0000096e+03
   1.4510478e+03   9.1981930e+02
   1.4445459e+03   8.2879251e+02
   1.3968652e+03   7.6377337e+02
   1.3448499e+03   6.9658693e+02
   1.2906673e+03   6.5107353e+02
