   1.4428196e+03   1.1325150e+03
   1.4886571e+03   1.0958450e+03
   1.5283830e+03   1.0316725e+03
   1.5467180e+03   9.7361167e+02
   1.5467180e+03   8.9415999e+02
   1.5131038e+03   8.2998747e+02
   1.4764338e+03   7.8414996e+02
   1.4244846e+03   7.4747996e+02
   1.3725354e+03   7.2608912e+02
   1.3175304e+03   7.1997745e+02
   1.2411346e+03   7.5053579e+02
   1.1952971e+03   7.6581496e+02
   1.1555712e+03   8.1165247e+02
   1.1158454e+03   8.5748998e+02
   1.0975104e+03   9.1249499e+02
   1.1036220e+03   9.7361167e+02
   1.1280687e+03   1.0408400e+03
   1.1616829e+03   1.1080684e+03
   1.1983529e+03   1.1416825e+03
   1.2533579e+03   1.1691850e+03
   1.3053071e+03   1.1722409e+03
   1.3755913e+03   1.1661292e+03
