   1.1708504e+03   7.4747996e+02
   1.1005662e+03   7.3831245e+02
   1.0302820e+03   7.3831245e+02
   9.4777452e+02   7.9331747e+02
   8.9276951e+02   8.7276915e+02
   8.7749034e+02   9.3388583e+02
   8.7443450e+02   9.9500251e+02
   8.7443450e+02   1.0591750e+03
   9.1110451e+02   1.1294592e+03
   9.6305369e+02   1.1752967e+03
   1.0272262e+03   1.2058550e+03
   1.1097337e+03   1.2241901e+03
   1.2166879e+03   1.1905759e+03
   1.2991954e+03   1.1264034e+03
   1.3389213e+03   1.0561192e+03
   1.3633679e+03   9.8277917e+02
   1.3542004e+03   9.2777416e+02
   1.3266979e+03   8.5137831e+02
   1.2778046e+03   8.0248497e+02
   1.2411346e+03   7.7498246e+02
