   1.4825455e+03   7.0469828e+02
   1.4153171e+03   6.8636328e+02
   1.3389213e+03   6.9553078e+02
   1.2869721e+03   7.4136829e+02
   1.2503021e+03   8.0554080e+02
   1.2380787e+03   9.0638332e+02
   1.2166879e+03   1.0163933e+03
   1.2350229e+03   1.0897334e+03
   1.2930838e+03   1.1661292e+03
   1.3878146e+03   1.1875200e+03
   1.4978246e+03   1.1569617e+03
   1.5772763e+03   1.0866775e+03
   1.6383930e+03   1.0102817e+03
   1.6475605e+03   9.0943916e+02
   1.6475605e+03   8.4221081e+02
   1.6231138e+03   7.7498246e+02
   1.5772763e+03   7.5053579e+02
