   1.4183729e+03   1.0530634e+03
   1.4122613e+03   9.6444417e+02
   1.3694796e+03   8.9110415e+02
   1.3297538e+03   8.4832248e+02
   1.2503021e+03   8.1470830e+02
   1.1861296e+03   8.0859664e+02
   1.0944545e+03   8.2998747e+02
   1.0394495e+03   8.6971331e+02
   1.0027795e+03   9.3388583e+02
   9.7527702e+02   1.0133375e+03
   9.7527702e+02   1.0927892e+03
   1.0119470e+03   1.1997434e+03
   1.0516729e+03   1.2608601e+03
   1.1280687e+03   1.3036417e+03
   1.2227996e+03   1.3219767e+03
   1.3297538e+03   1.2669717e+03
   1.3755913e+03   1.2241901e+03
   1.4061496e+03   1.1508500e+03
