   1.3470172e+03   5.7088327e+02
   1.4033671e+03   5.5787944e+02
   1.4532151e+03   5.6654866e+02
   1.4857247e+03   5.8388709e+02
   1.5355727e+03   6.0772744e+02
   1.5767515e+03   6.5974275e+02
   1.5984246e+03   7.2476189e+02
   1.6049265e+03   8.1145407e+02
   1.5919226e+03   8.8514243e+02
   1.5724169e+03   9.4582695e+02
   1.5485765e+03   9.9350765e+02
   1.4770555e+03   1.0541922e+03
   1.3946979e+03   1.0758652e+03
   1.3123404e+03   1.0498576e+03
   1.2646596e+03   1.0000096e+03
   1.2234809e+03   9.5449617e+02
   1.1909713e+03   8.5263286e+02
   1.1953059e+03   7.2692919e+02
   1.2299828e+03   6.4457162e+02
   1.2754962e+03   6.0122553e+02
