   1.2839162e+03   6.5580494e+02
   1.3480888e+03   6.2524660e+02
   1.4305963e+03   6.2830243e+02
   1.5100480e+03   6.5886077e+02
   1.5833880e+03   7.1386578e+02
   1.6200580e+03   8.0248497e+02
   1.6108905e+03   9.0638332e+02
   1.5742205e+03   1.0102817e+03
   1.4978246e+03   1.0897334e+03
   1.4275404e+03   1.1233475e+03
   1.3542004e+03   1.1111242e+03
   1.2839162e+03   1.0713984e+03
   1.2014087e+03   1.0102817e+03
   1.1952971e+03   9.4916500e+02
   1.1739062e+03   8.7276915e+02
   1.1922412e+03   7.9331747e+02
   1.2350229e+03   7.1080995e+02
