   1.2625254e+03   1.1080684e+03
   1.3053071e+03   1.0561192e+03
   1.3450329e+03   9.9500251e+02
   1.3664238e+03   9.3388583e+02
   1.3603121e+03   8.5748998e+02
   1.3358654e+03   7.9942913e+02
   1.2930838e+03   7.5053579e+02
   1.2166879e+03   7.0775412e+02
   1.1830737e+03   6.8025161e+02
   1.1402921e+03   6.8025161e+02
   1.0852870e+03   6.8941911e+02
   1.0363937e+03   7.1080995e+02
   9.7222119e+02   7.9331747e+02
   9.4777452e+02   8.5443414e+02
   9.4471868e+02   9.0027165e+02
   9.5999785e+02   9.8583500e+02
   9.8750036e+02   1.0469517e+03
   1.0363937e+03   1.0866775e+03
   1.1005662e+03   1.1233475e+03
   1.1769621e+03   1.1386267e+03
