   1.3053071e+03   8.3609914e+02
   1.3633679e+03   7.9637330e+02
   1.4153171e+03   7.9942913e+02
   1.4794896e+03   8.0859664e+02
   1.5497738e+03   8.2998747e+02
   1.6170021e+03   8.7888082e+02
   1.6536722e+03   9.3694166e+02
   1.6658955e+03   1.0102817e+03
   1.6536722e+03   1.0927892e+03
   1.5986671e+03   1.1722409e+03
   1.5558855e+03   1.2027992e+03
   1.4978246e+03   1.2211342e+03
   1.4397638e+03   1.2058550e+03
   1.3755913e+03   1.1722409e+03
   1.3236421e+03   1.1264034e+03
   1.2747487e+03   1.0622309e+03
   1.2686371e+03   9.7666750e+02
   1.2778046e+03   9.0638332e+02
