   1.5095149e+03   8.7370809e+02
   1.5331468e+03   9.0206639e+02
   1.5615051e+03   9.2687991e+02
   1.5697763e+03   9.4578545e+02
   1.5768659e+03   9.8005173e+02
   1.5815923e+03   1.0013205e+03
   1.5898634e+03   1.0308604e+03
   1.5922266e+03   1.0674898e+03
   1.5922266e+03   1.1029377e+03
   1.5886818e+03   1.1525648e+03
   1.5733211e+03   1.1868310e+03
   1.5437812e+03   1.2222789e+03
   1.5437812e+03   1.2222789e+03
   1.5036069e+03   1.2624532e+03
   1.4563431e+03   1.2943563e+03
   1.4019897e+03   1.2943563e+03
   1.3464546e+03   1.2837219e+03
   1.3098252e+03   1.2730876e+03
   1.2613797e+03   1.2589084e+03
   1.2377478e+03   1.2293685e+03
   1.2164791e+03   1.1986470e+03
   1.1845760e+03   1.1655623e+03
   1.1656704e+03   1.1324776e+03
   1.1597625e+03   1.0946666e+03
   1.1597625e+03   1.0391315e+03
   1.1633073e+03   9.8477812e+02
   1.1668520e+03   9.4578545e+02
   1.1869392e+03   9.2806151e+02
   1.2105711e+03   8.9497682e+02
   1.2507454e+03   8.7370809e+02
   1.2944644e+03   8.5243936e+02
   1.3488178e+03   8.4534978e+02
   1.4102608e+03   8.4298659e+02
   1.4516167e+03   8.5362095e+02
