   1.4833130e+03   7.1681036e+02
   1.4349873e+03   6.5036251e+02
   1.3745802e+03   6.0203679e+02
   1.2930305e+03   5.8693501e+02
   1.1963791e+03   6.1109786e+02
   1.1238905e+03   6.5942358e+02
   1.0785852e+03   7.2587143e+02
   1.0634834e+03   8.0742107e+02
   1.0785852e+03   8.8595036e+02
   1.1148295e+03   9.5239821e+02
   1.1752366e+03   1.0007239e+03
   1.2930305e+03   1.0339479e+03
   1.3896820e+03   1.0279071e+03
   1.4682112e+03   9.7052036e+02
   1.5104962e+03   8.9803179e+02
   1.5376795e+03   8.2554322e+02
   1.5346591e+03   7.9533965e+02
