   1.2024198e+03   7.4097322e+02
   1.1631552e+03   7.1379000e+02
   1.1118091e+03   6.9264750e+02
   1.0423409e+03   6.7754572e+02
   9.9401518e+02   7.0170858e+02
   9.3662840e+02   7.4399357e+02
   9.0944518e+02   7.8929893e+02
   8.8830268e+02   8.6178750e+02
   8.8830268e+02   9.3427607e+02
   9.0944518e+02   1.0007239e+03
   9.4266911e+02   1.0732125e+03
   9.9703554e+02   1.1154975e+03
   1.0906666e+03   1.1305993e+03
   1.1752366e+03   1.0943550e+03
   1.2356438e+03   1.0399886e+03
   1.2628270e+03   9.4333714e+02
   1.2628270e+03   8.6178750e+02
   1.2598066e+03   7.9533965e+02
