   1.6114212e+03   7.9308563e+02
   1.5915078e+03   8.0138290e+02
   1.5682754e+03   8.1797744e+02
   1.5500214e+03   8.3457199e+02
   1.5284485e+03   8.6278271e+02
   1.5218107e+03   8.8601507e+02
   1.5201512e+03   9.2418252e+02
   1.5334269e+03   9.5239324e+02
   1.5616376e+03   9.5737161e+02
   1.5898483e+03   9.5571215e+02
   1.6147401e+03   9.5073379e+02
   1.6346536e+03   9.4077706e+02
   1.6446103e+03   9.1920416e+02
   1.6446103e+03   9.0592852e+02
   1.6446103e+03   8.8933398e+02
   1.6446103e+03   8.5448544e+02
   1.6462698e+03   8.2129635e+02
   1.6379725e+03   8.0304236e+02
