   1.2869721e+03   8.1165247e+02
   1.2197437e+03   8.4526664e+02
   1.1555712e+03   8.9415999e+02
   1.1219571e+03   9.8889084e+02
   1.1005662e+03   1.0408400e+03
   1.1005662e+03   1.1233475e+03
   1.1311246e+03   1.1936317e+03
   1.1739062e+03   1.2516926e+03
   1.2319671e+03   1.3097534e+03
   1.3358654e+03   1.3403117e+03
   1.4367079e+03   1.2914184e+03
   1.5222713e+03   1.2058550e+03
   1.5619971e+03   1.1019567e+03
   1.5619971e+03   9.9805834e+02
   1.5344946e+03   9.3388583e+02
   1.4886571e+03   8.6971331e+02
   1.4244846e+03   8.1776414e+02
   1.3725354e+03   8.0859664e+02
