   1.2797959e+03   8.4312523e+02
   1.2986139e+03   8.4194910e+02
   1.2986139e+03   8.4194910e+02
   1.3350738e+03   8.5606261e+02
   1.3633008e+03   8.7252837e+02
   1.3762382e+03   8.9017025e+02
   1.3809427e+03   9.1604502e+02
   1.3691814e+03   9.4544816e+02
   1.3562440e+03   9.6661843e+02
   1.3338976e+03   9.7720356e+02
   1.3021422e+03   9.8896481e+02
   1.2797959e+03   9.9954995e+02
   1.2539211e+03   1.0066067e+03
   1.2198134e+03   1.0019022e+03
   1.1880580e+03   9.8073193e+02
   1.1774729e+03   9.5720942e+02
   1.1762968e+03   9.2427790e+02
   1.1821774e+03   9.0545989e+02
   1.1821774e+03   9.0545989e+02
   1.1927626e+03   8.9134638e+02
   1.2068761e+03   8.6899999e+02
   1.2374553e+03   8.5841486e+02
   1.2586256e+03   8.4430135e+02
