   1.1714656e+03   8.5263286e+02
   1.1324541e+03   9.2198660e+02
   1.1172829e+03   9.7616922e+02
   1.1086137e+03   1.0606941e+03
   1.1237849e+03   1.1322151e+03
   1.1627963e+03   1.1928997e+03
   1.2213136e+03   1.2362458e+03
   1.2798308e+03   1.2622534e+03
   1.3643557e+03   1.2839265e+03
   1.4532151e+03   1.2470823e+03
   1.5095651e+03   1.1972343e+03
   1.5485765e+03   1.1192113e+03
   1.5594131e+03   1.0281845e+03
   1.5507439e+03   9.5449617e+02
   1.5117324e+03   8.7213860e+02
   1.4532151e+03   8.1362138e+02
   1.3751922e+03   7.8327911e+02
   1.3036711e+03   8.0061755e+02
   1.2429866e+03   8.1362138e+02
