   9.7222119e+02   7.9026163e+02
   9.4166285e+02   8.3915497e+02
   9.3555118e+02   8.9415999e+02
   9.5083035e+02   9.8277917e+02
   1.0058354e+03   1.0652867e+03
   1.0913987e+03   1.1233475e+03
   1.1739062e+03   1.1477942e+03
   1.2655812e+03   1.1416825e+03
   1.3633679e+03   1.0591750e+03
   1.4092054e+03   9.9194667e+02
   1.4244846e+03   9.0332749e+02
   1.4030938e+03   8.2387581e+02
   1.3664238e+03   7.4747996e+02
   1.3144746e+03   6.9553078e+02
   1.2503021e+03   6.7719578e+02
   1.1739062e+03   6.8330744e+02
   1.1005662e+03   6.9553078e+02
   1.0302820e+03   7.2303329e+02
