   1.2429651e+03   8.3025884e+02
   1.2298135e+03   8.4153168e+02
   1.2006920e+03   8.5092572e+02
   1.1781463e+03   8.7065320e+02
   1.1537218e+03   8.8850187e+02
   1.1499642e+03   9.1292637e+02
   1.1537218e+03   9.5332073e+02
   1.1856615e+03   9.7868463e+02
   1.2035102e+03   9.9277568e+02
   1.2495410e+03   1.0125032e+03
   1.2861777e+03   1.0275336e+03
   1.3162386e+03   1.0190790e+03
   1.3387843e+03   1.0106244e+03
   1.3509966e+03   9.6835119e+02
   1.3575724e+03   9.4956311e+02
   1.3547542e+03   9.2419921e+02
   1.3275115e+03   8.9225948e+02
   1.3030870e+03   8.6219856e+02
   1.2899353e+03   8.4059228e+02
   1.2692685e+03   8.3401645e+02
