   1.2733289e+03   7.5943876e+02
   1.2061424e+03   7.8761372e+02
   1.1411233e+03   8.3746173e+02
   1.1107810e+03   8.9164434e+02
   1.0977772e+03   9.5016156e+02
   1.0804388e+03   1.0195153e+03
   1.0956099e+03   1.0801998e+03
   1.1237849e+03   1.1452190e+03
   1.1649636e+03   1.1885651e+03
   1.2104770e+03   1.2384131e+03
   1.3058384e+03   1.2644207e+03
   1.3556864e+03   1.2297439e+03
   1.4142037e+03   1.2059035e+03
   1.4900593e+03   1.1538882e+03
   1.5529112e+03   1.0780325e+03
   1.5789188e+03   9.7616922e+02
   1.5572458e+03   8.8080782e+02
   1.5095651e+03   7.8544642e+02
   1.4293748e+03   7.4426763e+02
   1.3491845e+03   7.4643493e+02
