   1.4055344e+03   7.8544642e+02
   1.3448499e+03   8.1145407e+02
   1.3058384e+03   8.4613094e+02
   1.2581577e+03   9.0681547e+02
   1.2299828e+03   9.7183461e+02
   1.2104770e+03   1.0433557e+03
   1.2213136e+03   1.1040402e+03
   1.2278155e+03   1.1647247e+03
   1.2451539e+03   1.2189073e+03
   1.2950019e+03   1.2600861e+03
   1.3860287e+03   1.2969303e+03
   1.4575498e+03   1.3034322e+03
   1.5160670e+03   1.2860938e+03
   1.5615804e+03   1.2557515e+03
   1.5854207e+03   1.2080708e+03
   1.6179303e+03   1.1517209e+03
   1.6547745e+03   1.0867018e+03
   1.6742802e+03   1.0108461e+03
   1.6591091e+03   9.1331739e+02
   1.6331014e+03   8.4396364e+02
   1.5875880e+03   8.1145407e+02
   1.5269035e+03   7.8978103e+02
