   1.1888040e+03   7.9628294e+02
   1.2429866e+03   7.8978103e+02
   1.3426826e+03   7.9845024e+02
   1.4142037e+03   8.2445790e+02
   1.4792228e+03   8.7213860e+02
   1.5008958e+03   9.2415391e+02
   1.5073978e+03   9.7833652e+02
   1.4965612e+03   1.0715306e+03
   1.4640517e+03   1.1170440e+03
   1.4380440e+03   1.1560555e+03
   1.3968652e+03   1.1928997e+03
   1.3426826e+03   1.2124054e+03
   1.2581577e+03   1.2232419e+03
   1.1758002e+03   1.2102381e+03
   1.1021118e+03   1.1560555e+03
   1.0587657e+03   1.0888691e+03
   1.0327581e+03   1.0021769e+03
   1.0522638e+03   9.3932504e+02
   1.0739368e+03   8.8947704e+02
   1.0977772e+03   8.4829825e+02
   1.1367887e+03   8.1362138e+02
