   1.3231769e+03   8.2012329e+02
   1.2950019e+03   8.2229059e+02
   1.2689943e+03   8.2229059e+02
   1.2429866e+03   8.3312712e+02
   1.2256482e+03   8.5480016e+02
   1.2104770e+03   8.7647321e+02
   1.2126443e+03   9.2198660e+02
   1.2299828e+03   9.5232887e+02
   1.2473212e+03   9.6316539e+02
   1.2776635e+03   9.6533270e+02
   1.2993365e+03   9.6099809e+02
   1.3296788e+03   9.5232887e+02
   1.3600211e+03   9.2848852e+02
   1.3686903e+03   9.0681547e+02
   1.3708576e+03   8.6130208e+02
   1.3535191e+03   8.3529442e+02
