   1.3080057e+03   7.2259458e+02
   1.3795268e+03   7.3126380e+02
   1.4467132e+03   7.5943876e+02
   1.5030632e+03   8.0711946e+02
   1.5485765e+03   8.6563669e+02
   1.5594131e+03   9.6099809e+02
   1.5442419e+03   1.0346864e+03
   1.5008958e+03   1.1192113e+03
   1.4337094e+03   1.1625574e+03
   1.3253442e+03   1.1863978e+03
   1.2321501e+03   1.1820632e+03
   1.1649636e+03   1.1365498e+03
   1.1194502e+03   1.0736979e+03
   1.0761042e+03   9.8917305e+02
   1.0761042e+03   8.9814625e+02
   1.0977772e+03   8.3312712e+02
   1.1367887e+03   7.7244259e+02
   1.2083097e+03   7.3776572e+02
