   1.4142037e+03   8.0711946e+02
   1.3773595e+03   7.7027529e+02
   1.3340134e+03   7.4860224e+02
   1.2819981e+03   7.2692919e+02
   1.2278155e+03   7.3343111e+02
   1.1519598e+03   7.3993302e+02
   1.1064464e+03   7.6160607e+02
   1.0652676e+03   8.0061755e+02
   1.0305908e+03   8.3962903e+02
   1.0024158e+03   8.8947704e+02
   9.9374658e+02   9.5449617e+02
   9.9157928e+02   1.0108461e+03
   1.0110850e+03   1.0801998e+03
   1.0804388e+03   1.1582228e+03
   1.1389560e+03   1.2232419e+03
   1.2213136e+03   1.2384131e+03
   1.3036711e+03   1.2275765e+03
   1.3730249e+03   1.1928997e+03
   1.4250402e+03   1.1473863e+03
   1.4705536e+03   1.0628614e+03
   1.4792228e+03   9.5666348e+02
   1.4597171e+03   8.9164434e+02
