   1.1469267e+03   9.1674876e+02
   1.1192249e+03   9.3444717e+02
   1.1061434e+03   9.5984055e+02
   1.0961400e+03   9.8985090e+02
   1.0976790e+03   1.0260172e+03
   1.1007570e+03   1.0529496e+03
   1.1092214e+03   1.0791125e+03
   1.1353843e+03   1.0975804e+03
   1.1746286e+03   1.1045058e+03
   1.2084864e+03   1.0945024e+03
   1.2515782e+03   1.0737260e+03
   1.2731241e+03   1.0367902e+03
   1.2754326e+03   1.0060103e+03
   1.2708156e+03   9.8600342e+02
   1.2531172e+03   9.4368113e+02
   1.2207984e+03   9.2367423e+02
   1.1830931e+03   9.1905725e+02
