   1.3795268e+03   7.3559841e+02
   1.3405153e+03   7.6810798e+02
   1.2885000e+03   8.2445790e+02
   1.2516558e+03   8.9597895e+02
   1.2408193e+03   9.8050383e+02
   1.2538231e+03   1.0801998e+03
   1.2950019e+03   1.1473863e+03
   1.3513518e+03   1.2080708e+03
   1.4293748e+03   1.2600861e+03
   1.5312381e+03   1.2600861e+03
   1.5897553e+03   1.2210746e+03
   1.6352687e+03   1.1473863e+03
   1.6742802e+03   1.0953710e+03
   1.6937860e+03   1.0281845e+03
   1.6937860e+03   9.3715774e+02
   1.6677783e+03   8.5263286e+02
   1.6309341e+03   7.7677720e+02
   1.5789188e+03   7.5076954e+02
   1.5182343e+03   7.2909650e+02
   1.4488805e+03   7.2692919e+02
