   1.3337893e+03   6.7816365e+02
   1.2811445e+03   6.8693778e+02
   1.2328868e+03   7.0448603e+02
   1.2074419e+03   7.2466652e+02
   1.1723454e+03   7.5537596e+02
   1.1547971e+03   7.9398212e+02
   1.1433907e+03   8.2907862e+02
   1.1407585e+03   8.8084597e+02
   1.1398811e+03   9.3700037e+02
   1.1442681e+03   9.7209688e+02
   1.1556745e+03   1.0080708e+03
   1.1837517e+03   1.0379028e+03
   1.2135837e+03   1.0765090e+03
   1.2495577e+03   1.1124829e+03
   1.2986928e+03   1.1300312e+03
   1.3539698e+03   1.1396827e+03
   1.4250402e+03   1.1458246e+03
   1.4768075e+03   1.1282763e+03
   1.5145363e+03   1.1010765e+03
   1.5487554e+03   1.0729993e+03
   1.5785874e+03   1.0343932e+03
   1.6022775e+03   9.9052254e+02
   1.6189484e+03   9.4051002e+02
   1.6198258e+03   8.9049750e+02
   1.6128065e+03   8.3697533e+02
   1.5891163e+03   7.9749177e+02
   1.5619166e+03   7.6239526e+02
   1.5303297e+03   7.2466652e+02
   1.4987428e+03   7.0799568e+02
   1.4434659e+03   6.8693778e+02
   1.3952082e+03   6.7991847e+02
