   1.3188423e+03   5.9905822e+02
   1.3730249e+03   6.1422936e+02
   1.4315421e+03   6.3590240e+02
   1.4965612e+03   6.7708119e+02
   1.5550785e+03   7.2476189e+02
   1.6027592e+03   8.1145407e+02
   1.6265995e+03   9.1548469e+02
   1.6092611e+03   1.0173480e+03
   1.5745842e+03   1.1148767e+03
   1.5095651e+03   1.1863978e+03
   1.4185383e+03   1.2557515e+03
   1.3080057e+03   1.2600861e+03
   1.2191463e+03   1.2275765e+03
   1.1454579e+03   1.1712266e+03
   1.0826061e+03   1.1192113e+03
   1.0457619e+03   1.0390211e+03
   1.0132523e+03   9.3282313e+02
   1.0240888e+03   8.2012329e+02
   1.0696022e+03   7.2259458e+02
   1.1281195e+03   6.5324084e+02
   1.2256482e+03   6.1206205e+02
