   1.1779675e+03   7.0308884e+02
   1.2126443e+03   6.8575041e+02
   1.2559904e+03   6.7491388e+02
   1.3101730e+03   6.9008502e+02
   1.3946979e+03   7.0959076e+02
   1.4467132e+03   7.4210033e+02
   1.5052305e+03   7.8978103e+02
   1.5160670e+03   8.2879251e+02
   1.5290708e+03   8.8730973e+02
   1.5247362e+03   9.4799426e+02
   1.5073978e+03   1.0130134e+03
   1.4748882e+03   1.0563595e+03
   1.4228729e+03   1.1083748e+03
   1.3686903e+03   1.1495536e+03
   1.2885000e+03   1.1712266e+03
   1.2256482e+03   1.1647247e+03
   1.1606290e+03   1.1452190e+03
   1.1107810e+03   1.1127094e+03
   1.0739368e+03   1.0606941e+03
   1.0435946e+03   1.0000096e+03
   1.0327581e+03   9.4149235e+02
   1.0435946e+03   9.0248086e+02
   1.0479292e+03   8.6130208e+02
   1.0696022e+03   8.0711946e+02
   1.0956099e+03   7.6377337e+02
   1.1172829e+03   7.3559841e+02
