   1.4703221e+03   1.1814084e+03
   1.5131038e+03   1.1416825e+03
   1.5314388e+03   1.0652867e+03
   1.5467180e+03   1.0163933e+03
   1.5314388e+03   9.5222083e+02
   1.4978246e+03   9.1555082e+02
   1.4519871e+03   8.8804832e+02
   1.3878146e+03   8.6665748e+02
   1.3205863e+03   8.7582498e+02
   1.2472462e+03   9.0027165e+02
   1.2166879e+03   9.4610916e+02
   1.1891854e+03   9.9805834e+02
   1.1830737e+03   1.0652867e+03
   1.2105762e+03   1.1202917e+03
   1.2503021e+03   1.1539059e+03
   1.2961396e+03   1.1783525e+03
   1.3450329e+03   1.2058550e+03
   1.4061496e+03   1.1997434e+03
