   1.4764338e+03   1.1936317e+03
   1.5406063e+03   1.1508500e+03
   1.5864438e+03   1.0958450e+03
   1.6139463e+03   1.0347283e+03
   1.6170021e+03   9.4610916e+02
   1.5956113e+03   8.7888082e+02
   1.5711646e+03   8.2693164e+02
   1.5283830e+03   7.7498246e+02
   1.4794896e+03   7.5053579e+02
   1.4214288e+03   7.3525662e+02
   1.3542004e+03   7.4136829e+02
   1.2991954e+03   7.7192663e+02
   1.2411346e+03   8.2998747e+02
   1.2166879e+03   8.8499248e+02
   1.2197437e+03   9.6444417e+02
   1.2319671e+03   1.0194492e+03
   1.2564137e+03   1.0683425e+03
   1.2991954e+03   1.1264034e+03
   1.3389213e+03   1.1661292e+03
   1.3939263e+03   1.1997434e+03
