   1.2083097e+03   7.2476189e+02
   1.2603250e+03   7.2692919e+02
   1.3123404e+03   7.3993302e+02
   1.3665230e+03   7.8111181e+02
   1.4011998e+03   8.2445790e+02
   1.4077018e+03   8.8514243e+02
   1.4077018e+03   9.4149235e+02
   1.3860287e+03   1.0151807e+03
   1.3491845e+03   1.0606941e+03
   1.3015038e+03   1.1105421e+03
   1.2256482e+03   1.1213786e+03
   1.1584617e+03   1.1105421e+03
   1.0934426e+03   1.0628614e+03
   1.0717695e+03   1.0043442e+03
   1.0609330e+03   9.6316539e+02
   1.0479292e+03   8.8730973e+02
   1.0631003e+03   8.1362138e+02
   1.0999445e+03   7.6377337e+02
   1.1454579e+03   7.4210033e+02
