   1.2653463e+03   7.3664749e+02
   1.2349754e+03   7.3940848e+02
   1.2036842e+03   7.5689474e+02
   1.1751540e+03   7.7438100e+02
   1.1420222e+03   8.0475188e+02
   1.1153326e+03   8.2960078e+02
   1.0932447e+03   8.5813099e+02
   1.0748381e+03   8.9770516e+02
   1.0637941e+03   9.4188098e+02
   1.0665551e+03   9.8421614e+02
   1.0757584e+03   1.0256310e+03
   1.0831211e+03   1.0624442e+03
   1.0987667e+03   1.0937354e+03
   1.1254562e+03   1.1250266e+03
   1.1622694e+03   1.1535568e+03
   1.1990826e+03   1.1811667e+03
   1.2478601e+03   1.2142985e+03
   1.2975579e+03   1.2244222e+03
   1.3629013e+03   1.2207408e+03
   1.4079974e+03   1.1876090e+03
   1.4475716e+03   1.1618397e+03
   1.4761018e+03   1.1204249e+03
   1.5055523e+03   1.0836117e+03
   1.5239589e+03   1.0348343e+03
   1.5386842e+03   9.7225186e+02
   1.5396045e+03   9.1151011e+02
   1.5184369e+03   8.4800737e+02
   1.4945084e+03   8.0383155e+02
   1.4604562e+03   7.7254034e+02
   1.4079974e+03   7.4677112e+02
   1.3610606e+03   7.3296617e+02
   1.3168848e+03   7.3112552e+02
