   1.2044646e+03   1.2455809e+03
   1.1586271e+03   1.2272459e+03
   1.1036220e+03   1.2272459e+03
   1.0425054e+03   1.1936317e+03
   9.9055619e+02   1.1141800e+03
   9.8444452e+02   1.0163933e+03
   1.0119470e+03   9.2471832e+02
   1.0669520e+03   8.4221081e+02
   1.1372362e+03   7.8720580e+02
   1.2014087e+03   7.6275913e+02
   1.2839162e+03   7.9026163e+02
   1.3358654e+03   8.4221081e+02
   1.3817029e+03   8.9415999e+02
   1.4030938e+03   9.7055583e+02
   1.3969821e+03   1.0683425e+03
   1.3542004e+03   1.1569617e+03
   1.2839162e+03   1.2150225e+03
