   1.6544763e+03   9.9337988e+02
   1.6428692e+03   9.7016579e+02
   1.6155098e+03   9.1710503e+02
   1.5840049e+03   8.8642927e+02
   1.5500129e+03   8.5741166e+02
   1.5044138e+03   8.3171036e+02
   1.4505239e+03   8.2010331e+02
   1.3991213e+03   8.1844516e+02
   1.3402570e+03   8.2922313e+02
   1.2880253e+03   8.4414647e+02
   1.2440844e+03   8.6984778e+02
   1.2167249e+03   9.1876318e+02
   1.1910236e+03   9.6850764e+02
   1.1877073e+03   1.0265429e+03
   1.1959981e+03   1.0878944e+03
   1.2142377e+03   1.1392970e+03
   1.2440844e+03   1.2023066e+03
   1.2938289e+03   1.2479057e+03
   1.3568385e+03   1.2636582e+03
   1.4082411e+03   1.2736071e+03
   1.4679345e+03   1.2653163e+03
   1.5118754e+03   1.2445894e+03
   1.5508419e+03   1.2188881e+03
   1.5765433e+03   1.1741181e+03
   1.6105353e+03   1.1401261e+03
   1.6378948e+03   1.0970142e+03
   1.6495018e+03   1.0464406e+03
