   1.2950019e+03   7.3559841e+02
   1.2386520e+03   7.5076954e+02
   1.1606290e+03   7.9628294e+02
   1.1129483e+03   8.4829825e+02
   1.0804388e+03   9.0898278e+02
   1.0891080e+03   1.0303518e+03
   1.1367887e+03   1.1148767e+03
   1.2104770e+03   1.1495536e+03
   1.3145077e+03   1.1582228e+03
   1.3946979e+03   1.1408844e+03
   1.4640517e+03   1.0888691e+03
   1.4987285e+03   1.0173480e+03
   1.5334054e+03   9.3065582e+02
   1.5008958e+03   8.3312712e+02
   1.4553825e+03   7.7677720e+02
   1.3925306e+03   7.3126380e+02
