   1.5100480e+03   7.5664746e+02
   1.4611546e+03   7.5664746e+02
   1.3908704e+03   7.8109413e+02
   1.3358654e+03   8.1776414e+02
   1.2961396e+03   8.8499248e+02
   1.2716929e+03   9.5833250e+02
   1.2625254e+03   1.0255608e+03
   1.2778046e+03   1.0958450e+03
   1.3205863e+03   1.1783525e+03
   1.3664238e+03   1.2272459e+03
   1.4336521e+03   1.2516926e+03
   1.5253271e+03   1.2608601e+03
   1.6108905e+03   1.2364134e+03
   1.6903422e+03   1.1630734e+03
   1.7422913e+03   1.0958450e+03
   1.7697938e+03   1.0255608e+03
   1.7789613e+03   9.5222083e+02
   1.7484030e+03   8.7582498e+02
   1.6933980e+03   8.2387581e+02
   1.6445047e+03   7.9331747e+02
   1.5894996e+03   7.7192663e+02
