   1.2051148e+03   8.4433439e+02
   1.2396868e+03   8.5989178e+02
   1.2846303e+03   8.7717776e+02
   1.3071021e+03   9.0656393e+02
   1.3192023e+03   9.5669328e+02
   1.3157451e+03   1.0241086e+03
   1.2932733e+03   1.0638664e+03
   1.2466012e+03   1.0863381e+03
   1.1740000e+03   1.0932525e+03
   1.1480711e+03   1.0828810e+03
   1.1083133e+03   1.0742380e+03
   1.0841129e+03   1.0448518e+03
   1.0771985e+03   9.8953665e+02
   1.0979417e+03   9.4113590e+02
   1.1048561e+03   8.9100655e+02
   1.1221421e+03   8.7199197e+02
   1.1515283e+03   8.5124879e+02
