   9.0488709e+02   6.4457162e+02
   8.8321405e+02   7.0525615e+02
   8.6804292e+02   7.7677720e+02
   8.8754866e+02   8.5913477e+02
   9.1355631e+02   9.1548469e+02
   9.5040049e+02   9.6533270e+02
   9.8724467e+02   1.0346864e+03
   1.0479292e+03   1.0715306e+03
   1.1281195e+03   1.0758652e+03
   1.2061424e+03   1.0390211e+03
   1.2559904e+03   9.8483844e+02
   1.2993365e+03   9.0248086e+02
   1.3296788e+03   8.2879251e+02
   1.3296788e+03   7.5510415e+02
   1.3123404e+03   6.7274658e+02
   1.2646596e+03   6.1639666e+02
   1.2169789e+03   5.7738518e+02
   1.1649636e+03   5.2536987e+02
   1.0977772e+03   5.1236604e+02
   1.0284235e+03   5.2103526e+02
   9.7640814e+02   5.3837370e+02
   9.4173127e+02   5.7738518e+02
