   1.3990325e+03   7.5076954e+02
   1.3816941e+03   7.7244259e+02
   1.3556864e+03   7.9194833e+02
   1.3491845e+03   8.0495216e+02
   1.3296788e+03   8.3962903e+02
   1.3296788e+03   8.7647321e+02
   1.3448499e+03   9.0898278e+02
   1.3600211e+03   9.2848852e+02
   1.3968652e+03   9.4149235e+02
   1.4272075e+03   9.4799426e+02
   1.4640517e+03   9.5016156e+02
   1.4943939e+03   9.4799426e+02
   1.5117324e+03   9.3065582e+02
   1.5269035e+03   9.0031356e+02
   1.5312381e+03   8.6130208e+02
   1.5290708e+03   8.2229059e+02
   1.5204016e+03   8.0061755e+02
   1.5052305e+03   7.6810798e+02
   1.4813901e+03   7.6160607e+02
   1.4467132e+03   7.5293685e+02
