   1.3946979e+03   8.8514243e+02
   1.3383480e+03   8.8947704e+02
   1.2950019e+03   9.2415391e+02
   1.2473212e+03   9.5232887e+02
   1.2126443e+03   9.9784226e+02
   1.1909713e+03   1.0368537e+03
   1.1974732e+03   1.1192113e+03
   1.2104770e+03   1.1668920e+03
   1.2581577e+03   1.2297439e+03
   1.3058384e+03   1.2600861e+03
   1.3405153e+03   1.2947630e+03
   1.3925306e+03   1.3012649e+03
   1.4727209e+03   1.2969303e+03
   1.5312381e+03   1.2795919e+03
   1.5702496e+03   1.2297439e+03
   1.6092611e+03   1.1842305e+03
   1.6374360e+03   1.1105421e+03
   1.6331014e+03   1.0346864e+03
   1.6092611e+03   9.6750000e+02
   1.5702496e+03   9.3499043e+02
   1.5225689e+03   9.0898278e+02
   1.4640517e+03   8.9597895e+02
