   1.5890255e+03   8.1950250e+02
   1.5829848e+03   7.2889179e+02
   1.5437202e+03   6.5640322e+02
   1.4893537e+03   5.9901643e+02
   1.3987430e+03   5.6881286e+02
   1.3111527e+03   5.7183322e+02
   1.2507455e+03   6.1713858e+02
   1.2145013e+03   6.8962715e+02
   1.1933588e+03   7.7721750e+02
   1.2114809e+03   8.8293000e+02
   1.2537659e+03   9.5843893e+02
   1.3111527e+03   1.0128054e+03
   1.3927023e+03   1.0369682e+03
   1.4863334e+03   1.0097850e+03
   1.5437202e+03   9.5843893e+02
   1.5739237e+03   9.1011322e+02
