   1.5399073e+03   5.0152952e+02
   1.6049265e+03   5.2536987e+02
   1.6591091e+03   5.6438135e+02
   1.6981206e+03   6.4023701e+02
   1.7241282e+03   7.1175806e+02
   1.7154590e+03   7.8978103e+02
   1.6894513e+03   8.4613094e+02
   1.6634437e+03   8.7864051e+02
   1.6200976e+03   9.2415391e+02
   1.5355727e+03   9.5232887e+02
   1.4618844e+03   9.4365965e+02
   1.4011998e+03   9.3715774e+02
   1.3253442e+03   9.0248086e+02
   1.2798308e+03   8.3746173e+02
   1.2473212e+03   7.5510415e+02
   1.2603250e+03   6.7708119e+02
   1.2646596e+03   6.1422936e+02
   1.3015038e+03   5.5354483e+02
   1.3556864e+03   5.1886796e+02
   1.4662190e+03   4.8419108e+02
