   1.4428196e+03   8.1165247e+02
   1.3908704e+03   7.8720580e+02
   1.3389213e+03   7.9026163e+02
   1.2839162e+03   7.9942913e+02
   1.2380787e+03   8.2998747e+02
   1.1891854e+03   8.7888082e+02
   1.1708504e+03   9.3694166e+02
   1.1708504e+03   9.9194667e+02
   1.1800179e+03   1.0530634e+03
   1.2075204e+03   1.1111242e+03
   1.2472462e+03   1.1630734e+03
   1.2930838e+03   1.2027992e+03
   1.3664238e+03   1.2119667e+03
   1.4428196e+03   1.1936317e+03
   1.5069921e+03   1.1477942e+03
   1.5497738e+03   1.0927892e+03
   1.5803321e+03   1.0347283e+03
   1.5650530e+03   9.3388583e+02
   1.5589413e+03   8.8804832e+02
   1.5222713e+03   8.4832248e+02
