   1.1494596e+03   6.8330744e+02
   1.1066779e+03   7.3220079e+02
   1.0791754e+03   7.8414996e+02
   1.0608404e+03   8.3304331e+02
   1.0547287e+03   9.0638332e+02
   1.0669520e+03   9.8277917e+02
   1.1127895e+03   1.0591750e+03
   1.1677946e+03   1.1233475e+03
   1.2197437e+03   1.1386267e+03
   1.3175304e+03   1.1172359e+03
   1.4092054e+03   1.0591750e+03
   1.4672663e+03   9.8583500e+02
   1.4978246e+03   8.7582498e+02
   1.5008805e+03   7.9637330e+02
   1.4550429e+03   7.2914495e+02
   1.3939263e+03   6.7413994e+02
   1.3114188e+03   6.4358160e+02
   1.2380787e+03   6.4052577e+02
