   1.1021118e+03   7.4426763e+02
   1.1844694e+03   7.2692919e+02
   1.2321501e+03   7.2909650e+02
   1.2798308e+03   7.5076954e+02
   1.3470172e+03   7.7244259e+02
   1.3860287e+03   8.3312712e+02
   1.4033671e+03   8.9814625e+02
   1.4142037e+03   9.7616922e+02
   1.3881960e+03   1.0433557e+03
   1.3621884e+03   1.0953710e+03
   1.3383480e+03   1.1300478e+03
   1.2971692e+03   1.1668920e+03
   1.2538231e+03   1.1863978e+03
   1.1541271e+03   1.1842305e+03
   1.0977772e+03   1.1625574e+03
   1.0349254e+03   1.1343825e+03
   1.0089177e+03   1.0975383e+03
   9.9157928e+02   1.0498576e+03
   9.8507736e+02   9.8700574e+02
   9.9374658e+02   9.1981930e+02
   1.0045831e+03   8.6346938e+02
   1.0370927e+03   7.9845024e+02
