   1.4334710e+03   7.5895595e+02
   1.4678164e+03   7.6614453e+02
   1.5005644e+03   7.7732677e+02
   1.5333124e+03   7.9250267e+02
   1.5540795e+03   8.1886082e+02
   1.5796389e+03   8.5081008e+02
   1.6028021e+03   8.8196061e+02
   1.6028021e+03   9.3867056e+02
   1.6036008e+03   9.8499699e+02
   1.5948148e+03   1.0377133e+03
   1.5796389e+03   1.0720587e+03
   1.5636642e+03   1.1072029e+03
   1.5405010e+03   1.1367560e+03
   1.4901809e+03   1.1742964e+03
   1.4382634e+03   1.1870761e+03
   1.3943331e+03   1.1822837e+03
   1.3575915e+03   1.1535294e+03
   1.3256422e+03   1.1135928e+03
   1.2944917e+03   1.0776499e+03
   1.2713285e+03   1.0073615e+03
   1.2577500e+03   9.4506041e+02
   1.2569513e+03   8.8914920e+02
   1.2657373e+03   8.3004306e+02
   1.2952904e+03   7.9170394e+02
   1.3488054e+03   7.5416356e+02
   1.3887420e+03   7.4777370e+02
