   1.0876703e+03   8.2673250e+02
   1.0650101e+03   8.3947882e+02
   1.0395175e+03   8.5789018e+02
   1.0211061e+03   8.8904787e+02
   1.0012785e+03   9.2587059e+02
   9.8145088e+02   9.7543963e+02
   9.7861836e+02   1.0250087e+03
   9.8145088e+02   1.0703289e+03
   9.9136469e+02   1.1071517e+03
   1.0026948e+03   1.1368931e+03
   1.0154411e+03   1.1765483e+03
   1.0465988e+03   1.2006247e+03
   1.1004166e+03   1.2275336e+03
   1.1528182e+03   1.2487775e+03
   1.1924734e+03   1.2459450e+03
   1.2462912e+03   1.2303661e+03
   1.2816977e+03   1.2034572e+03
   1.2972765e+03   1.1694670e+03
   1.3185204e+03   1.1298118e+03
   1.3425968e+03   1.0788265e+03
   1.3510943e+03   1.0250087e+03
   1.3510943e+03   9.7119086e+02
   1.3383480e+03   9.2303807e+02
   1.3156879e+03   8.8196657e+02
   1.2717839e+03   8.4231134e+02
   1.2278798e+03   8.0973739e+02
   1.1811433e+03   7.9274229e+02
   1.1301580e+03   7.9415855e+02
