   1.3395314e+03   1.0271718e+03
   1.3494109e+03   1.0118038e+03
   1.3658766e+03   9.9753348e+02
   1.3834401e+03   9.9753348e+02
   1.4141762e+03   1.0107061e+03
   1.4471077e+03   1.0271718e+03
   1.4789415e+03   1.0491262e+03
   1.4965050e+03   1.0732760e+03
   1.4997981e+03   1.1062075e+03
   1.5096776e+03   1.1468230e+03
   1.5030913e+03   1.1742660e+03
   1.4910164e+03   1.1929272e+03
   1.4679643e+03   1.2006112e+03
   1.4394237e+03   1.2050021e+03
   1.4251534e+03   1.2082952e+03
   1.4097853e+03   1.2082952e+03
   1.3955150e+03   1.2060998e+03
   1.3779515e+03   1.1940249e+03
   1.3691698e+03   1.1797546e+03
   1.3559972e+03   1.1588979e+03
   1.3461177e+03   1.1314550e+03
   1.3373360e+03   1.1018166e+03
   1.3373360e+03   1.0820577e+03
   1.3373360e+03   1.0612011e+03
   1.3362382e+03   1.0414422e+03
