   1.0913987e+03   7.2303329e+02
   1.0363937e+03   7.5664746e+02
   9.8444452e+02   8.1165247e+02
   9.5083035e+02   8.7582498e+02
   9.3555118e+02   9.5527666e+02
   9.5388618e+02   1.0347283e+03
   1.0119470e+03   1.1080684e+03
   1.0700079e+03   1.1569617e+03
   1.1372362e+03   1.1875200e+03
   1.2655812e+03   1.1814084e+03
   1.3664238e+03   1.1172359e+03
   1.4122613e+03   1.0316725e+03
   1.4489313e+03   9.3388583e+02
   1.4642105e+03   8.7276915e+02
   1.4489313e+03   8.1165247e+02
   1.4061496e+03   7.5970329e+02
   1.3419771e+03   7.1997745e+02
   1.2594696e+03   6.8025161e+02
   1.2105762e+03   6.8025161e+02
   1.1555712e+03   6.8941911e+02
