   1.3633679e+03   1.1783525e+03
   1.4092054e+03   1.1905759e+03
   1.5100480e+03   1.1783525e+03
   1.5681088e+03   1.1294592e+03
   1.6078346e+03   1.0683425e+03
   1.6506163e+03   9.7666750e+02
   1.6720072e+03   9.1555082e+02
   1.6720072e+03   8.3304331e+02
   1.6414488e+03   7.7498246e+02
   1.5619971e+03   7.1386578e+02
   1.4580988e+03   6.8025161e+02
   1.3450329e+03   6.9858661e+02
   1.2747487e+03   7.8414996e+02
   1.2319671e+03   8.7888082e+02
   1.2411346e+03   1.0133375e+03
   1.2839162e+03   1.0989009e+03
