   1.3015038e+03   7.5943876e+02
   1.3491845e+03   7.3559841e+02
   1.4380440e+03   7.3343111e+02
   1.5073978e+03   7.4860224e+02
   1.5659150e+03   8.0061755e+02
   1.6027592e+03   8.6997129e+02
   1.6222649e+03   9.5883078e+02
   1.6049265e+03   1.0368537e+03
   1.5810861e+03   1.1018729e+03
   1.5312381e+03   1.1517209e+03
   1.4770555e+03   1.1755612e+03
   1.3968652e+03   1.1928997e+03
   1.3405153e+03   1.1777285e+03
   1.2928346e+03   1.1343825e+03
   1.2494885e+03   1.0823671e+03
   1.2191463e+03   1.0260172e+03
   1.2018078e+03   9.5449617e+02
   1.2083097e+03   9.0031356e+02
   1.2234809e+03   8.2879251e+02
   1.2494885e+03   7.8327911e+02
