   1.1800179e+03   9.3388583e+02
   1.1525154e+03   9.6138833e+02
   1.1158454e+03   1.0438958e+03
   1.0975104e+03   1.1172359e+03
   1.1158454e+03   1.2119667e+03
   1.1739062e+03   1.2822509e+03
   1.2411346e+03   1.3097534e+03
   1.3328096e+03   1.3128092e+03
   1.4214288e+03   1.2883626e+03
   1.4886571e+03   1.2303017e+03
   1.5222713e+03   1.1447384e+03
   1.5222713e+03   1.0377842e+03
   1.4856013e+03   9.6444417e+02
   1.4122613e+03   8.9415999e+02
   1.3175304e+03   8.6665748e+02
   1.2319671e+03   8.9110415e+02
