   1.2019278e+03   6.7417977e+02
   1.2414967e+03   6.6739654e+02
   1.2946321e+03   6.5609114e+02
   1.3511590e+03   6.5835222e+02
   1.4133387e+03   6.7983247e+02
   1.4574297e+03   7.1940135e+02
   1.5026513e+03   7.7027562e+02
   1.5286537e+03   8.0645289e+02
   1.5580478e+03   8.4376069e+02
   1.5693531e+03   8.9124335e+02
   1.5772669e+03   9.4211762e+02
   1.5829196e+03   9.9299190e+02
   1.5829196e+03   9.9299190e+02
   1.5580478e+03   1.0529105e+03
   1.5388286e+03   1.1037848e+03
   1.5105651e+03   1.1410926e+03
   1.4789100e+03   1.1761393e+03
   1.4370800e+03   1.1998806e+03
   1.3895974e+03   1.2258830e+03
   1.3421147e+03   1.2281441e+03
   1.2957626e+03   1.2281441e+03
   1.2324524e+03   1.2258830e+03
   1.1838392e+03   1.1953585e+03
   1.1307038e+03   1.1603117e+03
   1.0888739e+03   1.1196123e+03
   1.0526966e+03   1.0845656e+03
   1.0266942e+03   1.0461272e+03
   1.0108667e+03   1.0009057e+03
   1.0097361e+03   9.3646492e+02
   1.0131277e+03   8.9915712e+02
   1.0176499e+03   8.5845770e+02
   1.0346080e+03   8.1662774e+02
   1.0640020e+03   7.7140616e+02
   1.1024404e+03   7.3296782e+02
   1.1510536e+03   7.0244326e+02
