   1.1259522e+03   7.4426763e+02
   1.1519598e+03   7.4426763e+02
   1.2169789e+03   7.2909650e+02
   1.2711616e+03   7.3343111e+02
   1.3231769e+03   7.3559841e+02
   1.3946979e+03   7.8327911e+02
   1.4402113e+03   8.4179634e+02
   1.4878920e+03   9.0031356e+02
   1.4922266e+03   9.8700574e+02
   1.4813901e+03   1.0628614e+03
   1.4380440e+03   1.1495536e+03
   1.3730249e+03   1.2080708e+03
   1.2950019e+03   1.2600861e+03
   1.1996405e+03   1.2600861e+03
   1.0977772e+03   1.2124054e+03
   1.0392600e+03   1.1387171e+03
   1.0024158e+03   1.0736979e+03
   9.7424084e+02   9.8050383e+02
   9.8507736e+02   8.9814625e+02
   1.0219215e+03   8.1578868e+02
   1.0782715e+03   7.7244259e+02
