   1.6403716e+03   6.7150500e+02
   1.6101680e+03   5.9297572e+02
   1.5558016e+03   5.3860929e+02
   1.4802927e+03   5.1142608e+02
   1.3896820e+03   5.0236501e+02
   1.2930305e+03   5.3256858e+02
   1.2235623e+03   5.9901643e+02
   1.1842977e+03   6.8962715e+02
   1.1782570e+03   7.8627857e+02
   1.2054402e+03   8.6480786e+02
   1.2718880e+03   9.2521500e+02
   1.3624987e+03   9.6750000e+02
   1.4802927e+03   9.6750000e+02
   1.5709034e+03   9.4635750e+02
   1.6252698e+03   8.6480786e+02
   1.6524530e+03   7.9533965e+02
