   1.2194797e+03   7.7777769e+02
   1.1996406e+03   7.8594675e+02
   1.1564613e+03   8.0345188e+02
   1.1179500e+03   8.3379410e+02
   1.0782717e+03   8.6530333e+02
   1.0595996e+03   9.0148059e+02
   1.0537645e+03   9.2948879e+02
   1.0432614e+03   9.5983101e+02
   1.0432614e+03   9.9134024e+02
   1.0514305e+03   1.0345196e+03
   1.0794387e+03   1.0998720e+03
   1.0887748e+03   1.1290472e+03
   1.1179500e+03   1.1547214e+03
   1.1576283e+03   1.1850636e+03
   1.2019746e+03   1.2130718e+03
   1.2673271e+03   1.2270759e+03
   1.3315125e+03   1.2189069e+03
   1.3863619e+03   1.1885647e+03
   1.4237062e+03   1.1547214e+03
   1.4610505e+03   1.1115421e+03
   1.4843906e+03   1.0660288e+03
   1.4995618e+03   1.0076784e+03
   1.4867247e+03   9.3649084e+02
   1.4715536e+03   8.9681256e+02
   1.4377103e+03   8.3612812e+02
   1.4377103e+03   8.3612812e+02
   1.3968650e+03   8.0461889e+02
   1.3466836e+03   7.8127872e+02
   1.3035043e+03   7.6727462e+02
   1.2591580e+03   7.7077564e+02
