   1.4423786e+03   6.0122553e+02
   1.3751922e+03   6.0122553e+02
   1.3275115e+03   6.2723318e+02
   1.2863327e+03   6.4890623e+02
   1.2364847e+03   6.9658693e+02
   1.2321501e+03   7.3776572e+02
   1.2234809e+03   7.9628294e+02
   1.2278155e+03   8.4613094e+02
   1.2473212e+03   8.9164434e+02
   1.2798308e+03   9.3932504e+02
   1.3166750e+03   9.7183461e+02
   1.3686903e+03   9.8917305e+02
   1.4185383e+03   9.9350765e+02
   1.4683863e+03   9.8483844e+02
   1.5117324e+03   9.6099809e+02
   1.5529112e+03   9.2848852e+02
   1.5875880e+03   8.9814625e+02
   1.6114284e+03   8.5696747e+02
   1.6157630e+03   7.8761372e+02
   1.6092611e+03   7.3993302e+02
   1.5897553e+03   6.9875423e+02
   1.5594131e+03   6.6191006e+02
   1.5160670e+03   6.2289858e+02
