   1.5986671e+03   9.7972334e+02
   1.5528296e+03   1.0469517e+03
   1.4917130e+03   1.0958450e+03
   1.4305963e+03   1.1325150e+03
   1.3480888e+03   1.1325150e+03
   1.2533579e+03   1.0989009e+03
   1.2044646e+03   1.0530634e+03
   1.1708504e+03   9.5527666e+02
   1.1677946e+03   8.7276915e+02
   1.2014087e+03   7.7192663e+02
   1.2686371e+03   7.0775412e+02
   1.3755913e+03   6.6802827e+02
   1.4825455e+03   6.8941911e+02
   1.5406063e+03   7.2608912e+02
   1.5925555e+03   7.9637330e+02
   1.6170021e+03   8.9110415e+02
