   1.2321501e+03   7.2692919e+02
   1.2928346e+03   7.3559841e+02
   1.3275115e+03   7.4643493e+02
   1.3816941e+03   7.8978103e+02
   1.4272075e+03   8.5480016e+02
   1.4488805e+03   9.3065582e+02
   1.4532151e+03   1.0368537e+03
   1.4207056e+03   1.0997056e+03
   1.3838614e+03   1.1603901e+03
   1.3275115e+03   1.1885651e+03
   1.2494885e+03   1.1950670e+03
   1.1779675e+03   1.1863978e+03
   1.0977772e+03   1.1343825e+03
   1.0479292e+03   1.0368537e+03
   1.0305908e+03   9.3282313e+02
   1.0500965e+03   8.6997129e+02
   1.0847734e+03   8.0928677e+02
   1.1606290e+03   7.5076954e+02
