   1.2061424e+03   9.0681547e+02
   1.1779675e+03   9.1981930e+02
   1.1497925e+03   9.4149235e+02
   1.1324541e+03   9.6316539e+02
   1.1172829e+03   9.8050383e+02
   1.0999445e+03   1.0238499e+03
   1.0977772e+03   1.0476903e+03
   1.1021118e+03   1.0801998e+03
   1.1259522e+03   1.1170440e+03
   1.1476252e+03   1.1387171e+03
   1.1692982e+03   1.1495536e+03
   1.2018078e+03   1.1517209e+03
   1.2473212e+03   1.1473863e+03
   1.2754962e+03   1.1192113e+03
   1.2885000e+03   1.0801998e+03
   1.3123404e+03   1.0433557e+03
   1.3253442e+03   1.0021769e+03
   1.3036711e+03   9.6316539e+02
   1.2841654e+03   9.4149235e+02
   1.2516558e+03   9.1548469e+02
