   1.1601348e+03   6.8358643e+02
   1.0997277e+03   7.2285108e+02
   1.0604630e+03   7.9231929e+02
   1.0332798e+03   8.6480786e+02
   1.0332798e+03   9.5239821e+02
   1.0755648e+03   1.0550904e+03
   1.1329516e+03   1.1245586e+03
   1.2145013e+03   1.1910064e+03
   1.3232341e+03   1.2121489e+03
   1.4440484e+03   1.1879861e+03
   1.5346591e+03   1.0913346e+03
   1.5739237e+03   9.7354071e+02
   1.5709034e+03   8.7990964e+02
   1.5376795e+03   7.8627857e+02
   1.4712316e+03   7.1681036e+02
   1.3685395e+03   6.6244393e+02
   1.2749084e+03   6.4734215e+02
