   1.2136321e+03   7.5970329e+02
   1.1555712e+03   7.9942913e+02
   1.1189012e+03   8.3609914e+02
   1.0791754e+03   9.0943916e+02
   1.0730637e+03   9.7666750e+02
   1.1005662e+03   1.0713984e+03
   1.1525154e+03   1.1325150e+03
   1.2197437e+03   1.1752967e+03
   1.2900279e+03   1.1997434e+03
   1.3878146e+03   1.1905759e+03
   1.4642105e+03   1.1416825e+03
   1.5131038e+03   1.0438958e+03
   1.5314388e+03   9.5833250e+02
   1.5314388e+03   8.8499248e+02
   1.4886571e+03   8.0554080e+02
   1.4092054e+03   7.4747996e+02
   1.2991954e+03   7.2608912e+02
