   1.4550429e+03   1.0683425e+03
   1.3908704e+03   1.1294592e+03
   1.3328096e+03   1.1569617e+03
   1.2441904e+03   1.1539059e+03
   1.1708504e+03   1.1264034e+03
   1.1066779e+03   1.0469517e+03
   1.0608404e+03   9.7055583e+02
   1.0486170e+03   8.6665748e+02
   1.0700079e+03   8.0554080e+02
   1.1036220e+03   7.2914495e+02
   1.1372362e+03   6.9247495e+02
   1.2411346e+03   6.5580494e+02
   1.3328096e+03   6.4663744e+02
   1.4061496e+03   6.8636328e+02
   1.4733780e+03   7.4136829e+02
   1.5131038e+03   8.5443414e+02
   1.4917130e+03   9.8583500e+02
