   1.1823021e+03   8.1362138e+02
   1.2278155e+03   8.2012329e+02
   1.2863327e+03   8.3529442e+02
   1.3405153e+03   8.7430590e+02
   1.3730249e+03   9.3282313e+02
   1.3925306e+03   1.0108461e+03
   1.3816941e+03   1.0823671e+03
   1.3231769e+03   1.1300478e+03
   1.2559904e+03   1.1517209e+03
   1.1627963e+03   1.1387171e+03
   1.0912753e+03   1.0953710e+03
   1.0522638e+03   1.0498576e+03
   1.0305908e+03   9.7183461e+02
   1.0392600e+03   9.1765200e+02
   1.0782715e+03   8.6346938e+02
   1.1259522e+03   8.3312712e+02
