   1.1800179e+03   8.0554080e+02
   1.1372362e+03   8.5748998e+02
   1.1127895e+03   9.2166249e+02
   1.1005662e+03   1.0011142e+03
   1.1097337e+03   1.0744542e+03
   1.1494596e+03   1.1477942e+03
   1.2105762e+03   1.1905759e+03
   1.2808604e+03   1.2241901e+03
   1.3786471e+03   1.2119667e+03
   1.4672663e+03   1.1600175e+03
   1.5192155e+03   1.0866775e+03
   1.5436621e+03   9.8889084e+02
   1.5497738e+03   9.0638332e+02
   1.5253271e+03   8.3304331e+02
   1.4825455e+03   7.8720580e+02
   1.4092054e+03   7.5970329e+02
   1.3205863e+03   7.5970329e+02
   1.2655812e+03   7.7192663e+02
