   1.3968652e+03   7.7677720e+02
   1.3600211e+03   7.7894450e+02
   1.3231769e+03   7.9628294e+02
   1.2950019e+03   8.2229059e+02
   1.2689943e+03   8.6997129e+02
   1.2603250e+03   9.4582695e+02
   1.2711616e+03   1.0130134e+03
   1.2841654e+03   1.0910364e+03
   1.3426826e+03   1.1473863e+03
   1.4033671e+03   1.1994016e+03
   1.4575498e+03   1.2362458e+03
   1.5247362e+03   1.2427477e+03
   1.6027592e+03   1.1907324e+03
   1.6439379e+03   1.1083748e+03
   1.6526072e+03   1.0238499e+03
   1.6439379e+03   9.4582695e+02
   1.6135957e+03   8.8080782e+02
   1.5334054e+03   8.0061755e+02
   1.4488805e+03   7.7460989e+02
