   1.1953059e+03   7.4643493e+02
   1.2386520e+03   7.4426763e+02
   1.2841654e+03   7.6377337e+02
   1.3405153e+03   8.0061755e+02
   1.3968652e+03   8.4179634e+02
   1.4315421e+03   8.9381164e+02
   1.4575498e+03   9.5232887e+02
   1.4640517e+03   1.0455230e+03
   1.4553825e+03   1.1235459e+03
   1.4228729e+03   1.1820632e+03
   1.3578537e+03   1.2384131e+03
   1.2624923e+03   1.2600861e+03
   1.1736329e+03   1.2449150e+03
   1.0912753e+03   1.1820632e+03
   1.0457619e+03   1.1213786e+03
   1.0132523e+03   1.0346864e+03
   9.9808119e+02   9.5449617e+02
   1.0110850e+03   8.8080782e+02
   1.0414273e+03   8.2662520e+02
   1.0826061e+03   7.7894450e+02
   1.1324541e+03   7.5293685e+02
