   9.7222119e+02   1.0041700e+03
   1.0180587e+03   1.0713984e+03
   1.1036220e+03   1.1325150e+03
   1.1922412e+03   1.1905759e+03
   1.2686371e+03   1.2058550e+03
   1.3480888e+03   1.1386267e+03
   1.4153171e+03   1.0591750e+03
   1.4367079e+03   9.8583500e+02
   1.4458754e+03   8.6054581e+02
   1.4030938e+03   7.6275913e+02
   1.3450329e+03   6.9247495e+02
   1.2533579e+03   6.4358160e+02
   1.1677946e+03   6.3135827e+02
   1.0761195e+03   6.7719578e+02
   1.0027795e+03   7.3831245e+02
   9.4471868e+02   8.3304331e+02
   9.4471868e+02   9.1249499e+02
