   1.2010848e+03   8.8097482e+02
   1.1864681e+03   8.9315547e+02
   1.1523622e+03   8.9802773e+02
   1.1280009e+03   9.0777225e+02
   1.1194745e+03   9.2117096e+02
   1.1182564e+03   9.4066000e+02
   1.1121661e+03   9.6623937e+02
   1.1133842e+03   9.9790906e+02
   1.1340913e+03   1.0283607e+03
   1.1596706e+03   1.0417594e+03
   1.1986487e+03   1.0454136e+03
   1.2351907e+03   1.0454136e+03
   1.2717326e+03   1.0417594e+03
   1.2912217e+03   1.0210523e+03
   1.3021842e+03   9.7963809e+02
   1.2936578e+03   9.4796839e+02
   1.2753868e+03   9.1264451e+02
   1.2619881e+03   8.9315547e+02
   1.2376268e+03   8.7610255e+02
