   1.2020459e+03   6.8991962e+02
   1.2313925e+03   6.7411760e+02
   1.2946006e+03   6.7073145e+02
   1.3566800e+03   6.8427604e+02
   1.3973137e+03   6.9894935e+02
   1.4345614e+03   7.3845441e+02
   1.4650367e+03   7.9714764e+02
   1.4864823e+03   8.3891013e+02
   1.4898685e+03   9.7322734e+02
   1.4447198e+03   1.0386929e+03
   1.4052148e+03   1.0894851e+03
   1.3476502e+03   1.1098020e+03
   1.2663827e+03   1.1052871e+03
   1.1726993e+03   1.0669108e+03
   1.1264219e+03   1.0093462e+03
   1.0903030e+03   9.3936586e+02
   1.0745010e+03   8.5245473e+02
   1.0948179e+03   7.8247433e+02
   1.1331942e+03   7.2490982e+02
