   1.4305963e+03   6.0691160e+02
   1.3205863e+03   6.2524660e+02
   1.2503021e+03   6.8636328e+02
   1.2227996e+03   7.6581496e+02
   1.2075204e+03   8.4832248e+02
   1.2075204e+03   9.1555082e+02
   1.2503021e+03   1.0072258e+03
   1.2991954e+03   1.0744542e+03
   1.3969821e+03   1.1080684e+03
   1.4978246e+03   1.1080684e+03
   1.5833880e+03   1.0561192e+03
   1.6322813e+03   9.6444417e+02
   1.6567280e+03   8.5748998e+02
   1.6383930e+03   7.5664746e+02
   1.5864438e+03   6.8636328e+02
   1.5436621e+03   6.4969327e+02
