   1.1677946e+03   7.4136829e+02
   1.1097337e+03   7.8109413e+02
   1.0638962e+03   8.3609914e+02
   1.0333379e+03   9.1860666e+02
   1.0302820e+03   1.0255608e+03
   1.0547287e+03   1.1111242e+03
   1.1127895e+03   1.1905759e+03
   1.1891854e+03   1.2669717e+03
   1.2930838e+03   1.2639159e+03
   1.4244846e+03   1.2333576e+03
   1.5161596e+03   1.1569617e+03
   1.5650530e+03   1.0438958e+03
   1.5650530e+03   9.2777416e+02
   1.5192155e+03   8.5137831e+02
   1.4580988e+03   7.7498246e+02
   1.3542004e+03   7.3831245e+02
   1.2808604e+03   7.1997745e+02
