   1.2495255e+03   7.9299860e+02
   1.2682253e+03   8.0682024e+02
   1.2787948e+03   8.2633313e+02
   1.2690384e+03   8.5804158e+02
   1.2552167e+03   8.8649789e+02
   1.2373299e+03   9.1007597e+02
   1.2161909e+03   9.1901938e+02
   1.1812303e+03   9.1658026e+02
   1.1446437e+03   9.1007597e+02
   1.1308220e+03   8.8405877e+02
   1.1251308e+03   8.5478943e+02
   1.1308220e+03   8.2795920e+02
   1.1373263e+03   8.0356809e+02
   1.1527740e+03   7.9218557e+02
   1.1682217e+03   7.7999001e+02
   1.1966781e+03   7.7348571e+02
   1.2161909e+03   7.7348571e+02
