   1.1974732e+03   1.0173480e+03
   1.1671309e+03   1.0303518e+03
   1.1259522e+03   1.0433557e+03
   1.1064464e+03   1.0650287e+03
   1.0826061e+03   1.1040402e+03
   1.0912753e+03   1.1387171e+03
   1.0977772e+03   1.1647247e+03
   1.1302868e+03   1.1972343e+03
   1.1736329e+03   1.2145727e+03
   1.2039751e+03   1.2189073e+03
   1.2429866e+03   1.2015689e+03
   1.2841654e+03   1.1907324e+03
   1.3080057e+03   1.1625574e+03
   1.3101730e+03   1.1343825e+03
   1.3101730e+03   1.1105421e+03
   1.3058384e+03   1.0736979e+03
   1.2885000e+03   1.0520249e+03
   1.2603250e+03   1.0368537e+03
   1.2364847e+03   1.0216826e+03
