   1.3328096e+03   6.3746994e+02
   1.3939263e+03   6.4358160e+02
   1.4458754e+03   6.7413994e+02
   1.4917130e+03   7.2914495e+02
   1.5283830e+03   7.9331747e+02
   1.5436621e+03   8.6665748e+02
   1.5100480e+03   9.6750000e+02
   1.4458754e+03   1.0316725e+03
   1.3603121e+03   1.0561192e+03
   1.2716929e+03   1.0500075e+03
   1.1983529e+03   1.0133375e+03
   1.1402921e+03   9.5833250e+02
   1.1036220e+03   8.6054581e+02
   1.1189012e+03   7.7498246e+02
   1.1525154e+03   7.1386578e+02
   1.2044646e+03   6.6497244e+02
   1.2594696e+03   6.3746994e+02
