   1.0262561e+03   7.7244259e+02
   9.7857545e+02   8.2445790e+02
   9.5040049e+02   8.9597895e+02
   9.4173127e+02   9.5232887e+02
   9.5473510e+02   1.0108461e+03
   9.8074275e+02   1.0671960e+03
   1.0067504e+03   1.1148767e+03
   1.0435946e+03   1.1517209e+03
   1.0956099e+03   1.1842305e+03
   1.1736329e+03   1.2145727e+03
   1.2711616e+03   1.2362458e+03
   1.3296788e+03   1.2124054e+03
   1.4228729e+03   1.1300478e+03
   1.4705536e+03   1.0585268e+03
   1.4813901e+03   9.5016156e+02
   1.4683863e+03   8.6130208e+02
   1.4358767e+03   7.9628294e+02
   1.3881960e+03   7.4860224e+02
   1.3036711e+03   6.9875423e+02
   1.2213136e+03   6.8791771e+02
   1.1671309e+03   6.9441963e+02
   1.0934426e+03   7.2909650e+02
