   1.2863327e+03   8.1795599e+02
   1.2559904e+03   8.3312712e+02
   1.2343174e+03   8.4613094e+02
   1.2061424e+03   8.6563669e+02
   1.2104770e+03   9.0681547e+02
   1.2169789e+03   9.3932504e+02
   1.2278155e+03   9.5449617e+02
   1.2451539e+03   9.7400191e+02
   1.2971692e+03   9.6966730e+02
   1.3296788e+03   9.5883078e+02
   1.3383480e+03   9.5883078e+02
   1.3556864e+03   9.2632121e+02
   1.3578537e+03   9.0681547e+02
   1.3470172e+03   8.7430590e+02
   1.3405153e+03   8.4179634e+02
   1.3210096e+03   8.2445790e+02
