   1.2757072e+03   7.6948490e+02
   1.2482523e+03   7.8595784e+02
   1.2239351e+03   8.0478407e+02
   1.2004023e+03   8.3145455e+02
   1.1776539e+03   8.5577175e+02
   1.1627498e+03   8.8636437e+02
   1.1541212e+03   9.1695698e+02
   1.1533367e+03   9.5539385e+02
   1.1501990e+03   9.8755532e+02
   1.1494146e+03   1.0291299e+03
   1.1705941e+03   1.0738422e+03
   1.1964802e+03   1.1224766e+03
   1.2270728e+03   1.1530692e+03
   1.2568810e+03   1.1742487e+03
   1.2874736e+03   1.1797397e+03
   1.3384613e+03   1.1781708e+03
   1.3902334e+03   1.1695421e+03
   1.4231793e+03   1.1632667e+03
   1.4537719e+03   1.1311053e+03
   1.4718137e+03   1.1028659e+03
   1.4820112e+03   1.0667823e+03
   1.4937776e+03   1.0299143e+03
   1.5024063e+03   9.7422007e+02
   1.5031907e+03   9.1774141e+02
   1.4914243e+03   8.7538240e+02
   1.4749514e+03   8.4086766e+02
   1.4592629e+03   8.0399964e+02
   1.4239637e+03   7.8125129e+02
   1.3855268e+03   7.6242506e+02
   1.3329703e+03   7.6085621e+02
