   1.4978246e+03   1.1691850e+03
   1.5497738e+03   1.1050125e+03
   1.5711646e+03   1.0194492e+03
   1.5619971e+03   9.5222083e+02
   1.5192155e+03   8.7888082e+02
   1.4519871e+03   8.2998747e+02
   1.3878146e+03   8.0554080e+02
   1.2930838e+03   7.9331747e+02
   1.1952971e+03   8.1776414e+02
   1.1311246e+03   8.5748998e+02
   1.1036220e+03   9.1860666e+02
   1.0975104e+03   1.0225050e+03
   1.1311246e+03   1.1172359e+03
   1.1922412e+03   1.1875200e+03
   1.2716929e+03   1.2241901e+03
   1.3694796e+03   1.2241901e+03
