   1.2024325e+03   5.8221214e+02
   1.1727721e+03   5.8517818e+02
   1.1460778e+03   5.9481779e+02
   1.1230910e+03   6.1854608e+02
   1.0993627e+03   6.4524041e+02
   1.0756345e+03   6.8454039e+02
   1.0570967e+03   7.3199697e+02
   1.0489401e+03   7.7203846e+02
   1.0481986e+03   8.2097805e+02
   1.0533892e+03   8.5582898e+02
   1.0689609e+03   9.0180254e+02
   1.0845326e+03   9.3591195e+02
   1.1090024e+03   9.5741572e+02
   1.1416288e+03   9.7372891e+02
   1.1994665e+03   9.9449117e+02
   1.2506306e+03   9.9597419e+02
   1.3151419e+03   9.8707608e+02
   1.3744626e+03   9.5519119e+02
   1.4056060e+03   9.0773461e+02
   1.4241437e+03   8.5805350e+02
   1.4330418e+03   7.9502524e+02
   1.4293343e+03   7.4237809e+02
   1.4130211e+03   7.0530264e+02
   1.3848437e+03   6.6451964e+02
   1.3388702e+03   6.1854608e+02
   1.2980872e+03   5.9481779e+02
   1.2476645e+03   5.8814421e+02
