   1.2460189e+03   9.1272360e+02
   1.2460189e+03   9.1272360e+02
   1.2460189e+03   9.1272360e+02
   1.2347135e+03   9.3872600e+02
   1.2313219e+03   9.6585895e+02
   1.2313219e+03   9.9977513e+02
   1.2437578e+03   1.0336913e+03
   1.2708907e+03   1.0404746e+03
   1.2968931e+03   1.0506494e+03
   1.3387231e+03   1.0517799e+03
   1.3658560e+03   1.0495189e+03
   1.3918585e+03   1.0359524e+03
   1.4031639e+03   1.0144721e+03
   1.4212525e+03   9.8168650e+02
   1.4189914e+03   9.5229248e+02
   1.4076860e+03   9.1724575e+02
   1.3477674e+03   8.8332957e+02
   1.3048069e+03   8.8106849e+02
