   1.1627963e+03   7.3126380e+02
   1.1237849e+03   7.3993302e+02
   1.0696022e+03   7.6377337e+02
   1.0435946e+03   7.9194833e+02
   1.0110850e+03   8.1795599e+02
   9.8724467e+02   8.5046555e+02
   9.6123701e+02   8.8947704e+02
   9.5256779e+02   9.7183461e+02
   9.6557162e+02   1.0281845e+03
   9.9157928e+02   1.0736979e+03
   1.0327581e+03   1.1170440e+03
   1.0869407e+03   1.1690593e+03
   1.1627963e+03   1.2210746e+03
   1.2451539e+03   1.2514169e+03
   1.3015038e+03   1.2600861e+03
   1.3621884e+03   1.2557515e+03
   1.3990325e+03   1.2102381e+03
   1.4358767e+03   1.1582228e+03
   1.4532151e+03   1.0910364e+03
   1.4683863e+03   1.0390211e+03
   1.4662190e+03   9.5666348e+02
   1.4380440e+03   8.8297512e+02
   1.4120364e+03   8.2662520e+02
   1.3730249e+03   7.8544642e+02
   1.3231769e+03   7.5076954e+02
   1.2689943e+03   7.3126380e+02
   1.2169789e+03   7.2909650e+02
