   1.2236883e+03   7.0707773e+02
   1.2498724e+03   6.9937653e+02
   1.3037808e+03   6.8859485e+02
   1.3900343e+03   7.0707773e+02
   1.4578049e+03   7.3480206e+02
   1.4901499e+03   7.8871049e+02
   1.5271157e+03   8.5648108e+02
   1.5455986e+03   9.4273455e+02
   1.5378974e+03   1.0289880e+03
   1.5086328e+03   1.0844367e+03
   1.4685866e+03   1.1352646e+03
   1.4208391e+03   1.1691499e+03
   1.3530685e+03   1.1953340e+03
   1.2698955e+03   1.1845523e+03
   1.2329297e+03   1.1429658e+03
   1.1836420e+03   1.0998391e+03
   1.1482165e+03   1.0413100e+03
   1.1251129e+03   9.7816009e+02
   1.1189519e+03   9.0884926e+02
   1.1266531e+03   8.4723963e+02
   1.1451360e+03   7.9641169e+02
   1.1605384e+03   7.5944592e+02
   1.1913432e+03   7.1939966e+02
