   1.4423786e+03   6.9225232e+02
   1.3491845e+03   6.8791771e+02
   1.2798308e+03   6.9225232e+02
   1.2364847e+03   7.1609267e+02
   1.1931386e+03   7.3776572e+02
   1.1497925e+03   7.6594068e+02
   1.1281195e+03   8.3746173e+02
   1.1281195e+03   9.0681547e+02
   1.1216175e+03   9.7183461e+02
   1.1432906e+03   1.0433557e+03
   1.1996405e+03   1.0975383e+03
   1.2473212e+03   1.1452190e+03
   1.3210096e+03   1.1603901e+03
   1.4055344e+03   1.1582228e+03
   1.4770555e+03   1.1452190e+03
   1.5269035e+03   1.1105421e+03
   1.5745842e+03   1.0671960e+03
   1.6027592e+03   1.0000096e+03
   1.6114284e+03   9.5232887e+02
   1.6049265e+03   8.7647321e+02
   1.5919226e+03   7.9845024e+02
   1.5355727e+03   7.3559841e+02
