   1.1996405e+03   8.0711946e+02
   1.1259522e+03   8.1145407e+02
   1.0696022e+03   8.3529442e+02
   1.0392600e+03   8.6563669e+02
   1.0175869e+03   8.9381164e+02
   9.7640814e+02   9.4582695e+02
   9.6557162e+02   9.8050383e+02
   9.5473510e+02   1.0585268e+03
   9.7640814e+02   1.1365498e+03
   9.8941197e+02   1.1950670e+03
   1.0240888e+03   1.2514169e+03
   1.0739368e+03   1.2947630e+03
   1.1172829e+03   1.3142687e+03
   1.2018078e+03   1.3251053e+03
   1.2603250e+03   1.3337745e+03
   1.3123404e+03   1.2947630e+03
   1.3578537e+03   1.2579188e+03
   1.3881960e+03   1.2319112e+03
   1.4033671e+03   1.1820632e+03
   1.4098691e+03   1.1105421e+03
   1.4250402e+03   1.0368537e+03
   1.4337094e+03   1.0021769e+03
   1.4055344e+03   9.5232887e+02
   1.3816941e+03   9.1331739e+02
   1.3665230e+03   8.7864051e+02
   1.3275115e+03   8.3312712e+02
   1.2906673e+03   8.2012329e+02
