   1.3210096e+03   6.8791771e+02
   1.3751922e+03   6.6191006e+02
   1.4358767e+03   6.5757545e+02
   1.4987285e+03   6.7274658e+02
   1.5745842e+03   7.1175806e+02
   1.6265995e+03   7.5510415e+02
   1.6612764e+03   8.3529442e+02
   1.6677783e+03   9.7183461e+02
   1.6331014e+03   1.0758652e+03
   1.5745842e+03   1.1603901e+03
   1.5290708e+03   1.1842305e+03
   1.4185383e+03   1.2015689e+03
   1.3275115e+03   1.1885651e+03
   1.2343174e+03   1.1495536e+03
   1.1844694e+03   1.0823671e+03
   1.1454579e+03   9.8050383e+02
   1.1649636e+03   8.7864051e+02
   1.1996405e+03   8.1362138e+02
   1.2364847e+03   7.4426763e+02
