   1.5255980e+03   1.0611311e+03
   1.5255980e+03   9.7958143e+02
   1.5044555e+03   8.7688929e+02
   1.4561298e+03   8.0440072e+02
   1.3715598e+03   7.6815643e+02
   1.2869898e+03   7.8325822e+02
   1.2054402e+03   8.1648215e+02
   1.1601348e+03   8.6480786e+02
   1.1329516e+03   9.2823536e+02
   1.1299313e+03   1.0097850e+03
   1.1329516e+03   1.0792532e+03
   1.1782570e+03   1.1366400e+03
   1.2356438e+03   1.1970471e+03
   1.3051120e+03   1.2393321e+03
   1.3896820e+03   1.2483932e+03
   1.4500891e+03   1.2061082e+03
   1.4923741e+03   1.1517418e+03
