   1.5192541e+03   1.1122869e+03
   1.4800410e+03   1.1545164e+03
   1.4287623e+03   1.1786475e+03
   1.3805000e+03   1.1726148e+03
   1.3473197e+03   1.1454672e+03
   1.3111230e+03   1.1092705e+03
   1.2839754e+03   1.0579918e+03
   1.2598443e+03   9.8559836e+02
   1.2538115e+03   9.2828689e+02
   1.2538115e+03   8.6795902e+02
   1.2839754e+03   8.3176230e+02
   1.3382705e+03   7.8350000e+02
   1.3925656e+03   7.7746721e+02
   1.4619426e+03   7.8953279e+02
   1.5192541e+03   8.2572951e+02
   1.5584672e+03   8.7097541e+02
   1.5735492e+03   9.2828689e+02
   1.5735492e+03   9.9163115e+02
   1.5524344e+03   1.0579918e+03
