   1.2408193e+03   6.3590240e+02
   1.1866367e+03   6.3806971e+02
   1.1172829e+03   6.6191006e+02
   1.0674349e+03   6.9008502e+02
   1.0175869e+03   7.2476189e+02
   9.8291006e+02   7.5943876e+02
   9.5040049e+02   8.3312712e+02
   9.4173127e+02   8.7213860e+02
   9.5256779e+02   9.3499043e+02
   9.7857545e+02   9.8483844e+02
   1.0305908e+03   1.0238499e+03
   1.0804388e+03   1.0498576e+03
   1.1302868e+03   1.0628614e+03
   1.1823021e+03   1.0736979e+03
   1.2451539e+03   1.0606941e+03
   1.3058384e+03   1.0476903e+03
   1.3448499e+03   1.0065115e+03
   1.3860287e+03   9.4365965e+02
   1.4185383e+03   8.8080782e+02
   1.4250402e+03   8.1795599e+02
   1.4207056e+03   7.6810798e+02
   1.4011998e+03   7.2909650e+02
   1.3621884e+03   6.9441963e+02
   1.3210096e+03   6.6191006e+02
