   1.4683863e+03   1.0346864e+03
   1.4705536e+03   1.0043442e+03
   1.4423786e+03   9.7183461e+02
   1.4120364e+03   9.5883078e+02
   1.3881960e+03   9.4582695e+02
   1.3600211e+03   9.3715774e+02
   1.3405153e+03   9.3715774e+02
   1.3058384e+03   9.5449617e+02
   1.2928346e+03   9.7183461e+02
   1.2689943e+03   9.9350765e+02
   1.2668270e+03   1.0108461e+03
   1.2754962e+03   1.0520249e+03
   1.2885000e+03   1.0758652e+03
   1.3123404e+03   1.1018729e+03
   1.3491845e+03   1.1235459e+03
   1.3838614e+03   1.1278805e+03
   1.4185383e+03   1.1018729e+03
   1.4532151e+03   1.0780325e+03
