   1.2213136e+03   6.1639666e+02
   1.1909713e+03   6.3590240e+02
   1.1584617e+03   6.4890623e+02
   1.1346214e+03   6.8791771e+02
   1.1194502e+03   7.3559841e+02
   1.1194502e+03   7.9628294e+02
   1.1194502e+03   8.2445790e+02
   1.1324541e+03   8.8080782e+02
   1.1432906e+03   9.1548469e+02
   1.1692982e+03   9.4799426e+02
   1.2148116e+03   9.7400191e+02
   1.2624923e+03   9.8917305e+02
   1.3383480e+03   9.5883078e+02
   1.3773595e+03   9.2632121e+02
   1.3990325e+03   8.7647321e+02
   1.4185383e+03   8.3529442e+02
   1.4272075e+03   7.7460989e+02
   1.4055344e+03   7.2476189e+02
   1.3795268e+03   6.7708119e+02
   1.3383480e+03   6.3156779e+02
   1.3015038e+03   6.2506588e+02
   1.2646596e+03   6.1856397e+02
