   1.3361807e+03   8.5263286e+02
   1.2950019e+03   8.5696747e+02
   1.2516558e+03   8.7213860e+02
   1.2018078e+03   8.8297512e+02
   1.1801348e+03   9.1548469e+02
   1.1454579e+03   9.8050383e+02
   1.1281195e+03   1.0303518e+03
   1.1172829e+03   1.1192113e+03
   1.1324541e+03   1.1907324e+03
   1.1606290e+03   1.2427477e+03
   1.2018078e+03   1.2947630e+03
   1.3015038e+03   1.3337745e+03
   1.3860287e+03   1.3402764e+03
   1.4640517e+03   1.3121014e+03
   1.5073978e+03   1.2644207e+03
   1.5485765e+03   1.2189073e+03
   1.5724169e+03   1.1603901e+03
   1.5897553e+03   1.1083748e+03
   1.5767515e+03   1.0260172e+03
   1.5485765e+03   9.7183461e+02
   1.5204016e+03   9.1981930e+02
   1.4727209e+03   8.7647321e+02
   1.4337094e+03   8.6563669e+02
