   1.0544223e+03   8.4970607e+02
   1.0544223e+03   8.9199107e+02
   1.0604630e+03   9.3125571e+02
   1.0785852e+03   9.6447964e+02
   1.1027480e+03   1.0007239e+03
   1.1420127e+03   1.0339479e+03
   1.1842977e+03   1.0399886e+03
   1.2296030e+03   1.0279071e+03
   1.2839695e+03   9.8864250e+02
   1.3020916e+03   9.4031679e+02
   1.3292748e+03   8.9501143e+02
   1.3594784e+03   8.4366536e+02
   1.3806209e+03   8.0138036e+02
   1.3957227e+03   7.5305465e+02
   1.3866616e+03   7.1983072e+02
   1.3564580e+03   6.9264750e+02
   1.3141730e+03   6.7150500e+02
   1.2628270e+03   6.7150500e+02
   1.2145013e+03   6.8056608e+02
   1.1661755e+03   7.0170858e+02
   1.1269109e+03   7.2285108e+02
   1.0906666e+03   7.5909536e+02
   1.0695241e+03   7.8627857e+02
