   1.0674349e+03   6.9225232e+02
   1.0305908e+03   7.0742345e+02
   9.8507736e+02   7.4860224e+02
   9.6340432e+02   7.9628294e+02
   9.4606588e+02   8.3312712e+02
   9.2656014e+02   8.7430590e+02
   9.2656014e+02   9.5232887e+02
   9.5256779e+02   9.9784226e+02
   9.7857545e+02   1.0368537e+03
   1.0197542e+03   1.0867018e+03
   1.0609330e+03   1.1365498e+03
   1.1086137e+03   1.1452190e+03
   1.1606290e+03   1.1538882e+03
   1.2256482e+03   1.1517209e+03
   1.3036711e+03   1.1387171e+03
   1.3470172e+03   1.0910364e+03
   1.3946979e+03   1.0303518e+03
   1.4228729e+03   9.3932504e+02
   1.4098691e+03   8.5480016e+02
   1.3773595e+03   7.9628294e+02
   1.3318461e+03   7.3126380e+02
   1.2776635e+03   6.9875423e+02
   1.2061424e+03   6.8575041e+02
   1.1411233e+03   6.8141580e+02
