   1.4208952e+03   9.7059896e+02
   1.4468903e+03   9.7887014e+02
   1.4717038e+03   9.8477812e+02
   1.4858830e+03   1.0001389e+03
   1.4953357e+03   1.0166812e+03
   1.5083333e+03   1.0379499e+03
   1.5189677e+03   1.0698530e+03
   1.5142413e+03   1.1076641e+03
   1.4894278e+03   1.1336592e+03
   1.4717038e+03   1.1372040e+03
   1.4480719e+03   1.1431120e+03
   1.4102608e+03   1.1419304e+03
   1.3759945e+03   1.1324776e+03
   1.3547258e+03   1.1218433e+03
   1.3322755e+03   1.0911218e+03
   1.3275491e+03   1.0592187e+03
   1.3251859e+03   1.0308604e+03
   1.3358203e+03   1.0060468e+03
   1.3594522e+03   9.8241492e+02
   1.3819025e+03   9.7059896e+02
