   1.4521821e+03   8.7316408e+02
   1.4828578e+03   8.8891649e+02
   1.5085591e+03   9.0632706e+02
   1.5384058e+03   9.3617374e+02
   1.5458675e+03   9.7182394e+02
   1.5541582e+03   1.0124486e+03
   1.5508419e+03   1.0547314e+03
   1.5384058e+03   1.0812618e+03
   1.5160208e+03   1.1177411e+03
   1.4853451e+03   1.1467587e+03
   1.4480367e+03   1.1608529e+03
   1.4040958e+03   1.1790926e+03
   1.3609839e+03   1.1708018e+03
   1.3228465e+03   1.1567076e+03
   1.2954870e+03   1.1359807e+03
   1.2772474e+03   1.1069631e+03
   1.2664694e+03   1.0754583e+03
   1.2623240e+03   1.0356627e+03
   1.2590077e+03   1.0024997e+03
   1.2565205e+03   9.6436227e+02
   1.2731020e+03   9.2788299e+02
   1.3004614e+03   9.1213058e+02
   1.3203592e+03   8.9637816e+02
   1.3510350e+03   8.8725835e+02
   1.3866852e+03   8.7813853e+02
