   1.2991954e+03   8.4832248e+02
   1.2197437e+03   8.8499248e+02
   1.1769621e+03   9.3999749e+02
   1.1402921e+03   9.9500251e+02
   1.1250129e+03   1.1019567e+03
   1.1494596e+03   1.2027992e+03
   1.2258554e+03   1.2822509e+03
   1.3083629e+03   1.3250326e+03
   1.4061496e+03   1.3372559e+03
   1.4794896e+03   1.2944742e+03
   1.5344946e+03   1.2333576e+03
   1.5772763e+03   1.1416825e+03
   1.5803321e+03   1.0316725e+03
   1.5314388e+03   9.3694166e+02
   1.4825455e+03   8.9110415e+02
   1.4244846e+03   8.5443414e+02
