   1.4965612e+03   1.0173480e+03
   1.4813901e+03   1.1170440e+03
   1.4272075e+03   1.1820632e+03
   1.3600211e+03   1.2319112e+03
   1.2798308e+03   1.2340785e+03
   1.2039751e+03   1.2189073e+03
   1.1151156e+03   1.2015689e+03
   1.0652676e+03   1.1473863e+03
   1.0370927e+03   1.0953710e+03
   1.0284235e+03   1.0260172e+03
   1.0370927e+03   9.3282313e+02
   1.0739368e+03   8.5046555e+02
   1.1216175e+03   8.0495216e+02
   1.2256482e+03   7.4643493e+02
   1.2971692e+03   7.5943876e+02
   1.3946979e+03   8.0495216e+02
   1.4402113e+03   8.5046555e+02
   1.4705536e+03   9.1548469e+02
