   1.1454579e+03   7.5510415e+02
   1.2104770e+03   7.4426763e+02
   1.2863327e+03   7.4643493e+02
   1.3491845e+03   7.7027529e+02
   1.4055344e+03   8.0711946e+02
   1.4488805e+03   8.7430590e+02
   1.4727209e+03   1.0021769e+03
   1.4358767e+03   1.0910364e+03
   1.3795268e+03   1.1690593e+03
   1.3123404e+03   1.2124054e+03
   1.2321501e+03   1.2145727e+03
   1.1606290e+03   1.1820632e+03
   1.1042791e+03   1.1387171e+03
   1.0522638e+03   1.0910364e+03
   1.0219215e+03   1.0368537e+03
   9.9808119e+02   9.6966730e+02
   1.0002485e+03   9.2198660e+02
   1.0284235e+03   8.3529442e+02
   1.0826061e+03   7.7677720e+02
