   1.1606290e+03   6.6624467e+02
   1.1953059e+03   6.8141580e+02
   1.2559904e+03   7.1175806e+02
   1.3145077e+03   7.4210033e+02
   1.3621884e+03   8.0495216e+02
   1.3751922e+03   9.0031356e+02
   1.3643557e+03   9.9134035e+02
   1.3275115e+03   1.0606941e+03
   1.2754962e+03   1.1148767e+03
   1.2213136e+03   1.1560555e+03
   1.1367887e+03   1.1603901e+03
   1.0717695e+03   1.1235459e+03
   1.0219215e+03   1.0910364e+03
   9.6123701e+02   1.0390211e+03
   9.2656014e+02   9.8050383e+02
   9.2439283e+02   8.8947704e+02
   9.3522936e+02   8.1578868e+02
   9.6557162e+02   7.5293685e+02
   1.0154196e+03   7.0525615e+02
   1.0869407e+03   6.8575041e+02
