   1.3957227e+03   5.1746679e+02
   1.3504173e+03   5.0538536e+02
   1.2900102e+03   5.0840572e+02
   1.2296030e+03   5.4767036e+02
   1.1873180e+03   6.0203679e+02
   1.1420127e+03   6.5640322e+02
   1.1238905e+03   7.1379000e+02
   1.1208702e+03   7.6815643e+02
   1.1389923e+03   8.4668572e+02
   1.1842977e+03   8.9803179e+02
   1.2386641e+03   9.4937786e+02
   1.3020916e+03   9.8864250e+02
   1.3927023e+03   9.9468321e+02
   1.4651909e+03   9.5541857e+02
   1.5316387e+03   8.9199107e+02
   1.5829848e+03   8.2252286e+02
   1.6131884e+03   7.4701393e+02
   1.6162087e+03   6.5942358e+02
   1.5920459e+03   5.8995536e+02
   1.5346591e+03   5.5069072e+02
   1.4651909e+03   5.2350751e+02
