   1.1146022e+03   7.3967927e+02
   1.1511442e+03   7.2262635e+02
   1.1974306e+03   7.1775409e+02
   1.2802591e+03   7.3358894e+02
   1.3168010e+03   7.5307798e+02
   1.3691778e+03   7.9083800e+02
   1.4032836e+03   8.3225221e+02
   1.4349533e+03   8.8462901e+02
   1.4580966e+03   9.4675033e+02
   1.4629688e+03   1.0113078e+03
   1.4446979e+03   1.0575943e+03
   1.4154643e+03   1.1184975e+03
   1.3886669e+03   1.1574756e+03
   1.3387262e+03   1.2001079e+03
   1.2741687e+03   1.2220330e+03
   1.2059571e+03   1.2342137e+03
   1.1267829e+03   1.2183788e+03
   1.0853687e+03   1.1927995e+03
   1.0159389e+03   1.1465130e+03
   9.8426926e+02   1.0990085e+03
   9.6234408e+02   1.0259246e+03
   9.5138150e+02   9.5284065e+02
   9.6478021e+02   8.7610255e+02
   9.9644991e+02   8.2616189e+02
   1.0329919e+03   7.8596574e+02
   1.0719699e+03   7.5185992e+02
