   1.5225689e+03   8.7647321e+02
   1.4965612e+03   8.8514243e+02
   1.4510478e+03   8.9381164e+02
   1.4272075e+03   9.3282313e+02
   1.4250402e+03   9.6533270e+02
   1.4228729e+03   1.0065115e+03
   1.4250402e+03   1.0541922e+03
   1.4293748e+03   1.0650287e+03
   1.4488805e+03   1.0845344e+03
   1.4770555e+03   1.1105421e+03
   1.5204016e+03   1.1105421e+03
   1.5485765e+03   1.1105421e+03
   1.5919226e+03   1.1040402e+03
   1.6157630e+03   1.0867018e+03
   1.6374360e+03   1.0606941e+03
   1.6547745e+03   1.0281845e+03
   1.6569418e+03   9.7400191e+02
   1.6374360e+03   9.2415391e+02
   1.6114284e+03   8.9381164e+02
   1.5659150e+03   8.8297512e+02
