   1.3087329e+03   7.9657621e+02
   1.2813853e+03   8.0248920e+02
   1.2451682e+03   8.1874995e+02
   1.2215162e+03   8.4240194e+02
   1.1971251e+03   8.6974956e+02
   1.1771687e+03   9.1409704e+02
   1.1712557e+03   9.5844453e+02
   1.1682992e+03   1.0005746e+03
   1.1852991e+03   1.0604437e+03
   1.2082120e+03   1.1077477e+03
   1.2326031e+03   1.1343562e+03
   1.2636463e+03   1.1513561e+03
   1.2932113e+03   1.1631821e+03
   1.3346023e+03   1.1742690e+03
   1.3929932e+03   1.1742690e+03
   1.4218190e+03   1.1676168e+03
   1.4654274e+03   1.1365736e+03
   1.4927750e+03   1.0974000e+03
   1.5134705e+03   1.0404874e+03
   1.5179053e+03   9.7396615e+02
   1.4927750e+03   9.0818405e+02
   1.4646883e+03   8.5940181e+02
   1.4292103e+03   8.1653257e+02
   1.3937323e+03   8.0175008e+02
   1.3464283e+03   7.9361971e+02
