   1.2559261e+03   6.2487275e+02
   1.2252834e+03   6.2706152e+02
   1.1888040e+03   6.4748997e+02
   1.1545134e+03   6.7010719e+02
   1.1202227e+03   6.8980606e+02
   1.1012535e+03   7.2117833e+02
   1.0881209e+03   7.4744348e+02
   1.0735291e+03   7.7954534e+02
   1.0655037e+03   8.2113184e+02
   1.0698812e+03   8.6636627e+02
   1.0793658e+03   9.0868236e+02
   1.1034422e+03   9.6267185e+02
   1.1406512e+03   9.9258494e+02
   1.1785898e+03   1.0144726e+03
   1.2325793e+03   1.0210389e+03
   1.2945942e+03   1.0224980e+03
   1.3318032e+03   9.8601865e+02
   1.3478541e+03   9.7069731e+02
   1.3777672e+03   9.3567710e+02
   1.4025732e+03   9.0065689e+02
   1.4193537e+03   8.7220297e+02
   1.4354046e+03   8.3061648e+02
   1.4375934e+03   8.1748390e+02
   1.4419709e+03   7.6860153e+02
   1.4383230e+03   7.2920379e+02
   1.4302975e+03   6.9491317e+02
   1.4178945e+03   6.7521430e+02
   1.3996548e+03   6.5989296e+02
   1.3682826e+03   6.4092368e+02
   1.3369103e+03   6.3654616e+02
   1.3084564e+03   6.2414317e+02
