   1.4764338e+03   8.4832248e+02
   1.4275404e+03   8.3915497e+02
   1.3755913e+03   8.5748998e+02
   1.3389213e+03   8.8804832e+02
   1.3083629e+03   9.3694166e+02
   1.2747487e+03   1.0072258e+03
   1.2716929e+03   1.0622309e+03
   1.2961396e+03   1.1050125e+03
   1.3297538e+03   1.1508500e+03
   1.3786471e+03   1.1783525e+03
   1.4214288e+03   1.1875200e+03
   1.4733780e+03   1.1905759e+03
   1.5161596e+03   1.1600175e+03
   1.5558855e+03   1.0958450e+03
   1.5925555e+03   9.8889084e+02
   1.5864438e+03   9.1249499e+02
   1.5558855e+03   8.7276915e+02
