   1.2408193e+03   7.8327911e+02
   1.2278155e+03   7.8327911e+02
   1.1866367e+03   7.7677720e+02
   1.1497925e+03   7.8327911e+02
   1.1259522e+03   8.0711946e+02
   1.1107810e+03   8.3529442e+02
   1.0999445e+03   8.5046555e+02
   1.0847734e+03   9.0031356e+02
   1.0977772e+03   9.5666348e+02
   1.1129483e+03   9.7183461e+02
   1.1497925e+03   9.8700574e+02
   1.1714656e+03   1.0000096e+03
   1.1996405e+03   1.0000096e+03
   1.2299828e+03   9.9784226e+02
   1.2711616e+03   9.7183461e+02
   1.2906673e+03   9.5232887e+02
   1.3015038e+03   8.9597895e+02
   1.2993365e+03   8.5913477e+02
   1.2776635e+03   8.2229059e+02
