   1.2847812e+03   9.3891894e+02
   1.3117227e+03   9.8022922e+02
   1.3314798e+03   1.0143551e+03
   1.3476447e+03   1.0628498e+03
   1.3350720e+03   1.1346937e+03
   1.3207032e+03   1.1831884e+03
   1.3027422e+03   1.2262948e+03
   1.2740046e+03   1.2550324e+03
   1.2416749e+03   1.2694011e+03
   1.1841997e+03   1.2765855e+03
   1.1231323e+03   1.2729933e+03
   1.0405118e+03   1.2622168e+03
   1.0117742e+03   1.2352753e+03
   9.6327953e+02   1.1993533e+03
   9.4172634e+02   1.1634313e+03
   9.1837705e+02   1.1167327e+03
   9.1837705e+02   1.0484810e+03
   9.2556145e+02   9.8741361e+02
   9.5250293e+02   9.2455015e+02
   9.7764832e+02   8.9760867e+02
   1.0099781e+03   8.6348278e+02
   1.0710455e+03   8.3654130e+02
   1.1464816e+03   8.4013350e+02
   1.1913841e+03   8.7246328e+02
   1.2308983e+03   8.9401647e+02
