   1.4275404e+03   1.1966875e+03
   1.4672663e+03   1.1508500e+03
   1.5192155e+03   1.0805659e+03
   1.5497738e+03   1.0194492e+03
   1.5619971e+03   9.5222083e+02
   1.5467180e+03   8.6971331e+02
   1.5039363e+03   8.0859664e+02
   1.4489313e+03   7.6581496e+02
   1.3633679e+03   7.5970329e+02
   1.2808604e+03   7.6887079e+02
   1.2289112e+03   8.2693164e+02
   1.1800179e+03   9.3694166e+02
   1.1647387e+03   1.0225050e+03
   1.1769621e+03   1.1050125e+03
   1.2166879e+03   1.1783525e+03
   1.2472462e+03   1.2303017e+03
   1.3083629e+03   1.2578042e+03
   1.3694796e+03   1.2333576e+03
