   1.3253442e+03   5.6004674e+02
   1.2538231e+03   5.9689092e+02
   1.1996405e+03   6.4240432e+02
   1.1562944e+03   6.9875423e+02
   1.1237849e+03   7.5943876e+02
   1.0999445e+03   8.5480016e+02
   1.1021118e+03   9.3932504e+02
   1.1281195e+03   1.0411884e+03
   1.1844694e+03   1.0953710e+03
   1.2581577e+03   1.1408844e+03
   1.3535191e+03   1.1690593e+03
   1.4532151e+03   1.1690593e+03
   1.5659150e+03   1.1560555e+03
   1.6352687e+03   1.0997056e+03
   1.6764475e+03   1.0151807e+03
   1.6981206e+03   9.3065582e+02
   1.7176263e+03   8.6130208e+02
   1.7089571e+03   7.5293685e+02
   1.6656110e+03   6.9658693e+02
   1.5962572e+03   6.4023701e+02
   1.5312381e+03   5.8822170e+02
   1.4575498e+03   5.6004674e+02
   1.4098691e+03   5.5787944e+02
