   1.2364847e+03   1.1322151e+03
   1.2018078e+03   1.1257132e+03
   1.1692982e+03   1.0801998e+03
   1.1454579e+03   1.0368537e+03
   1.1454579e+03   1.0151807e+03
   1.1454579e+03   9.8700574e+02
   1.1519598e+03   9.6316539e+02
   1.1692982e+03   9.5232887e+02
   1.1931386e+03   9.4149235e+02
   1.2299828e+03   9.3499043e+02
   1.2733289e+03   9.3499043e+02
   1.3101730e+03   9.4149235e+02
   1.3513518e+03   9.8700574e+02
   1.3340134e+03   1.0650287e+03
   1.3231769e+03   1.0888691e+03
   1.2950019e+03   1.1257132e+03
