   1.4228729e+03   7.8761372e+02
   1.4597171e+03   8.0278485e+02
   1.5030632e+03   8.2229059e+02
   1.5290708e+03   8.4613094e+02
   1.5529112e+03   8.8947704e+02
   1.5594131e+03   9.1765200e+02
   1.5485765e+03   9.5883078e+02
   1.5420746e+03   9.9134035e+02
   1.5160670e+03   1.0173480e+03
   1.4662190e+03   1.0303518e+03
   1.4662190e+03   1.0303518e+03
   1.4272075e+03   1.0455230e+03
   1.3600211e+03   1.0433557e+03
   1.3210096e+03   1.0216826e+03
   1.2993365e+03   9.6750000e+02
   1.3058384e+03   9.0898278e+02
   1.3166750e+03   8.7213860e+02
   1.3275115e+03   8.3962903e+02
   1.3600211e+03   8.0711946e+02
