   1.0696022e+03   6.5107353e+02
   1.0045831e+03   6.9008502e+02
   9.4606588e+02   7.5293685e+02
   9.0922170e+02   8.7213860e+02
   9.2872744e+02   9.8267113e+02
   9.7207353e+02   1.0650287e+03
   1.0479292e+03   1.1278805e+03
   1.0999445e+03   1.1690593e+03
   1.1823021e+03   1.1668920e+03
   1.2689943e+03   1.1365498e+03
   1.3210096e+03   1.0975383e+03
   1.3513518e+03   1.0411884e+03
   1.3795268e+03   9.5666348e+02
   1.3881960e+03   8.8730973e+02
   1.3665230e+03   7.8761372e+02
   1.3340134e+03   7.4210033e+02
   1.2819981e+03   6.8575041e+02
   1.2234809e+03   6.5757545e+02
   1.1476252e+03   6.4023701e+02
