   1.2906897e+03   7.3246510e+02
   1.2509932e+03   7.3359928e+02
   1.2078941e+03   7.4947789e+02
   1.1795395e+03   7.7102743e+02
   1.1568558e+03   8.0051628e+02
   1.1466481e+03   8.3907861e+02
   1.1409771e+03   8.6743327e+02
   1.1466481e+03   8.9351956e+02
   1.1557216e+03   9.2300840e+02
   1.1693318e+03   9.6043655e+02
   1.1954181e+03   9.8198609e+02
   1.2317121e+03   9.9786470e+02
   1.2498590e+03   1.0024014e+03
   1.2736769e+03   9.9332796e+02
   1.3008974e+03   9.7291260e+02
   1.3111051e+03   9.5136306e+02
   1.3201786e+03   9.3208189e+02
   1.3326546e+03   9.0372723e+02
   1.3496674e+03   8.5155466e+02
   1.3496674e+03   8.0732139e+02
   1.3439965e+03   7.7896674e+02
   1.3349230e+03   7.5401464e+02
