   1.0522638e+03   6.8791771e+02
   9.9374658e+02   7.1825998e+02
   9.4823318e+02   7.7677720e+02
   9.3306205e+02   8.4179634e+02
   9.2656014e+02   9.1548469e+02
   9.2656014e+02   9.6966730e+02
   9.6773893e+02   1.0238499e+03
   9.9591388e+02   1.0801998e+03
   1.0522638e+03   1.1560555e+03
   1.1172829e+03   1.1950670e+03
   1.2148116e+03   1.2059035e+03
   1.2971692e+03   1.1994016e+03
   1.3275115e+03   1.1733939e+03
   1.3621884e+03   1.1105421e+03
   1.4033671e+03   1.0390211e+03
   1.4055344e+03   9.2632121e+02
   1.4077018e+03   8.4829825e+02
   1.3535191e+03   7.8111181e+02
   1.2950019e+03   7.2259458e+02
   1.2126443e+03   6.8791771e+02
   1.1216175e+03   6.8575041e+02
