   1.4135063e+03   1.0551900e+03
   1.3754175e+03   1.0521429e+03
   1.3342816e+03   1.0216719e+03
   1.3022871e+03   9.8967732e+02
   1.3022871e+03   9.5006500e+02
   1.3083813e+03   9.1197623e+02
   1.3327581e+03   8.8150522e+02
   1.3617055e+03   8.6931681e+02
   1.3891295e+03   8.6017551e+02
   1.4196005e+03   8.5408130e+02
   1.4592128e+03   8.6474616e+02
   1.4957780e+03   8.8759942e+02
   1.5247255e+03   9.0892913e+02
   1.5414845e+03   9.3178239e+02
   1.5536729e+03   9.7139471e+02
   1.5506258e+03   1.0018657e+03
   1.5292961e+03   1.0338603e+03
   1.5064429e+03   1.0658549e+03
   1.4683541e+03   1.0734726e+03
