   1.4229059e+03   8.7990964e+02
   1.4470687e+03   9.5239821e+02
   1.4470687e+03   9.8864250e+02
   1.4259262e+03   1.0460293e+03
   1.3896820e+03   1.1336196e+03
   1.3262545e+03   1.1759046e+03
   1.2477252e+03   1.1789250e+03
   1.1601348e+03   1.1638232e+03
   1.1057684e+03   1.1305993e+03
   1.0785852e+03   1.0611311e+03
   1.0363002e+03   9.8562214e+02
   1.0393205e+03   8.9199107e+02
   1.0604630e+03   8.1346179e+02
   1.1238905e+03   7.7419715e+02
   1.1842977e+03   7.4097322e+02
   1.2688677e+03   7.3493250e+02
   1.3232341e+03   7.5305465e+02
   1.3836412e+03   7.9231929e+02
