   1.2689943e+03   6.0772744e+02
   1.3296788e+03   6.2289858e+02
   1.3838614e+03   6.5324084e+02
   1.4142037e+03   7.0308884e+02
   1.4272075e+03   7.8111181e+02
   1.4337094e+03   8.7213860e+02
   1.3990325e+03   9.4582695e+02
   1.3296788e+03   1.0065115e+03
   1.2278155e+03   1.0303518e+03
   1.1584617e+03   1.0108461e+03
   1.0891080e+03   9.7183461e+02
   1.0435946e+03   8.9164434e+02
   1.0370927e+03   8.2012329e+02
   1.0370927e+03   7.5943876e+02
   1.0717695e+03   6.9658693e+02
   1.1259522e+03   6.4023701e+02
   1.1844694e+03   6.0556014e+02
