   1.3884940e+03   8.4107867e+02
   1.3653904e+03   8.4107867e+02
   1.3361259e+03   8.4261891e+02
   1.3130223e+03   8.5648108e+02
   1.3037808e+03   8.7188348e+02
   1.2899186e+03   8.9190661e+02
   1.2822174e+03   9.1963094e+02
   1.2868382e+03   9.4735527e+02
   1.2991601e+03   9.8278081e+02
   1.3161027e+03   9.9972346e+02
   1.3438271e+03   1.0182063e+03
   1.3730916e+03   1.0351490e+03
   1.4162184e+03   1.0336087e+03
   1.4454829e+03   1.0028039e+03
   1.4624256e+03   9.6275768e+02
   1.4732073e+03   9.3657359e+02
   1.4655061e+03   9.1038950e+02
   1.4624256e+03   8.8574565e+02
   1.4377817e+03   8.6110180e+02
   1.4100574e+03   8.5032011e+02
