   1.3296788e+03   8.5696747e+02
   1.3513518e+03   8.6130208e+02
   1.3903633e+03   8.6997129e+02
   1.4293748e+03   8.8297512e+02
   1.4423786e+03   9.1115008e+02
   1.4467132e+03   9.3932504e+02
   1.4467132e+03   9.8267113e+02
   1.4293748e+03   1.0108461e+03
   1.3903633e+03   1.0433557e+03
   1.3340134e+03   1.0606941e+03
   1.2754962e+03   1.0563595e+03
   1.2321501e+03   1.0303518e+03
   1.2061424e+03   1.0000096e+03
   1.2039751e+03   9.3499043e+02
   1.2299828e+03   8.8297512e+02
   1.2754962e+03   8.5913477e+02
