   1.1691133e+03   7.3392308e+02
   1.1288095e+03   7.3522320e+02
   1.0911060e+03   7.4432404e+02
   1.0521024e+03   7.6382585e+02
   9.9879750e+02   7.8982825e+02
   9.4939292e+02   8.2233126e+02
   9.0648895e+02   8.7303596e+02
   8.8048655e+02   9.2504077e+02
   8.7788630e+02   1.0121488e+03
   8.9218763e+02   1.0836555e+03
   9.1819004e+02   1.1460612e+03
   9.5979389e+02   1.1967659e+03
   9.9879750e+02   1.2253686e+03
   1.0339007e+03   1.2591717e+03
   1.0872057e+03   1.2760733e+03
   1.1470112e+03   1.2864742e+03
   1.2016163e+03   1.2903746e+03
   1.2705227e+03   1.2864742e+03
   1.3316283e+03   1.2552713e+03
   1.3693318e+03   1.2058668e+03
   1.4005347e+03   1.1616627e+03
   1.4395383e+03   1.1135582e+03
   1.4564399e+03   1.0355510e+03
   1.4356379e+03   9.4844294e+02
   1.4161361e+03   8.8343692e+02
   1.3862334e+03   8.3793271e+02
   1.3485299e+03   7.9112837e+02
   1.3004254e+03   7.5862536e+02
   1.2393198e+03   7.4432404e+02
