   1.0577845e+03   9.0638332e+02
   1.0455612e+03   9.6444417e+02
   1.0455612e+03   1.0316725e+03
   1.0516729e+03   1.1050125e+03
   1.0791754e+03   1.1752967e+03
   1.1219571e+03   1.2150225e+03
   1.1861296e+03   1.2608601e+03
   1.2503021e+03   1.2853067e+03
   1.3389213e+03   1.2853067e+03
   1.4030938e+03   1.2455809e+03
   1.4428196e+03   1.1905759e+03
   1.4703221e+03   1.1477942e+03
   1.4825455e+03   1.0683425e+03
   1.4825455e+03   9.9500251e+02
   1.4733780e+03   9.3999749e+02
   1.4428196e+03   8.7888082e+02
   1.4061496e+03   8.2081997e+02
   1.3603121e+03   7.8720580e+02
   1.3114188e+03   7.6581496e+02
   1.2564137e+03   7.6581496e+02
   1.2044646e+03   7.7803830e+02
   1.1402921e+03   7.9942913e+02
   1.1005662e+03   8.3915497e+02
