   1.1382479e+03   7.5876282e+02
   1.2045116e+03   7.4771887e+02
   1.2831998e+03   7.5186035e+02
   1.3660294e+03   7.8775320e+02
   1.4378151e+03   8.7334385e+02
   1.4571420e+03   9.8792488e+02
   1.4226297e+03   1.0790375e+03
   1.3798344e+03   1.1494427e+03
   1.3025267e+03   1.2046625e+03
   1.2017506e+03   1.2212284e+03
   1.1175404e+03   1.2101845e+03
   1.0347108e+03   1.1494427e+03
   9.7673002e+02   1.0583301e+03
   9.7258854e+02   9.6721746e+02
   1.0071009e+03   8.6782187e+02
   1.0816476e+03   8.0017765e+02
