   1.2503021e+03   8.6665748e+02
   1.2380787e+03   9.3694166e+02
   1.2380787e+03   9.8583500e+02
   1.2411346e+03   1.0377842e+03
   1.2808604e+03   1.1050125e+03
   1.3450329e+03   1.1539059e+03
   1.4275404e+03   1.1905759e+03
   1.5314388e+03   1.1936317e+03
   1.6139463e+03   1.1386267e+03
   1.6689513e+03   1.0713984e+03
   1.6658955e+03   9.6750000e+02
   1.6231138e+03   8.8804832e+02
   1.5711646e+03   8.2387581e+02
   1.5039363e+03   7.7192663e+02
   1.4092054e+03   7.6275913e+02
   1.3266979e+03   7.7803830e+02
