   1.3341762e+03   6.8502457e+02
   1.2812451e+03   7.1471764e+02
   1.2205680e+03   7.6635776e+02
   1.1805469e+03   8.2961692e+02
   1.1624728e+03   8.9804008e+02
   1.1715098e+03   9.7808227e+02
   1.2037849e+03   1.0477964e+03
   1.2567160e+03   1.1123466e+03
   1.3380492e+03   1.1768968e+03
   1.4335835e+03   1.2001348e+03
   1.5368637e+03   1.1601137e+03
   1.6052869e+03   1.0581245e+03
   1.6375620e+03   9.3289717e+02
   1.6465990e+03   8.2832591e+02
   1.6014139e+03   7.5861175e+02
   1.5446097e+03   7.0438961e+02
   1.4710226e+03   6.6824153e+02
   1.4038904e+03   6.5662250e+02
