   9.8138869e+02   7.9942913e+02
   9.4166285e+02   8.2387581e+02
   8.9582534e+02   8.6360165e+02
   8.8665784e+02   9.1249499e+02
   9.0804868e+02   9.8889084e+02
   9.3555118e+02   1.0438958e+03
   9.7222119e+02   1.0927892e+03
   1.0211145e+03   1.1294592e+03
   1.0761195e+03   1.1294592e+03
   1.1525154e+03   1.0989009e+03
   1.2075204e+03   1.0194492e+03
   1.2411346e+03   9.3082999e+02
   1.2350229e+03   8.6360165e+02
   1.1922412e+03   8.0248497e+02
   1.1219571e+03   7.6887079e+02
   1.0425054e+03   7.7192663e+02
