   1.3474655e+03   7.6167163e+02
   1.3222732e+03   7.6587034e+02
   1.2900832e+03   7.6447077e+02
   1.2522948e+03   7.7146861e+02
   1.2243034e+03   7.8826344e+02
   1.2033099e+03   8.2325265e+02
   1.1627224e+03   8.5264359e+02
   1.1487267e+03   8.8343409e+02
   1.1599233e+03   9.2122244e+02
   1.1711198e+03   9.5341252e+02
   1.1865151e+03   9.7860475e+02
   1.2075086e+03   1.0037970e+03
   1.2438974e+03   1.0177927e+03
   1.2914827e+03   1.0065961e+03
   1.3194741e+03   9.8560260e+02
   1.3474655e+03   9.3801727e+02
   1.3670594e+03   8.8483366e+02
   1.3908521e+03   8.5404316e+02
   1.3936512e+03   8.1905394e+02
   1.3768564e+03   7.9106257e+02
