   1.2933270e+03   6.3155071e+02
   1.2060001e+03   6.6837529e+02
   1.1407680e+03   7.3781594e+02
   1.1039434e+03   8.2093430e+02
   1.0923700e+03   9.0089626e+02
   1.1070998e+03   1.0050572e+03
   1.1607585e+03   1.0902799e+03
   1.2396683e+03   1.1418343e+03
   1.3522464e+03   1.1586684e+03
   1.4395732e+03   1.1186874e+03
   1.5416299e+03   1.0492467e+03
   1.5837152e+03   9.6928478e+02
   1.5931844e+03   8.6722806e+02
   1.5647768e+03   7.6832774e+02
   1.4911277e+03   6.9993923e+02
   1.4006444e+03   6.4733267e+02
