   1.4519871e+03   1.1325150e+03
   1.4000379e+03   1.1814084e+03
   1.3694796e+03   1.2058550e+03
   1.2869721e+03   1.2394692e+03
   1.2105762e+03   1.2272459e+03
   1.1402921e+03   1.1936317e+03
   1.0852870e+03   1.1294592e+03
   1.0638962e+03   1.0744542e+03
   1.0547287e+03   9.9500251e+02
   1.0700079e+03   9.3999749e+02
   1.1097337e+03   8.9110415e+02
   1.1555712e+03   8.3609914e+02
   1.2166879e+03   7.9942913e+02
   1.2839162e+03   7.9637330e+02
   1.3694796e+03   8.1470830e+02
   1.4336521e+03   8.3915497e+02
   1.4580988e+03   8.6054581e+02
   1.4886571e+03   9.0332749e+02
   1.5008805e+03   9.9500251e+02
   1.4886571e+03   1.0652867e+03
