   1.4611546e+03   7.9637330e+02
   1.4092054e+03   7.6581496e+02
   1.3175304e+03   7.5359162e+02
   1.2075204e+03   7.7803830e+02
   1.1402921e+03   8.4221081e+02
   1.0975104e+03   9.3999749e+02
   1.0913987e+03   1.0316725e+03
   1.1158454e+03   1.1080684e+03
   1.1952971e+03   1.1905759e+03
   1.2991954e+03   1.2364134e+03
   1.3817029e+03   1.2364134e+03
   1.4764338e+03   1.1844642e+03
   1.5375505e+03   1.0958450e+03
   1.5558855e+03   9.8583500e+02
   1.5436621e+03   8.9415999e+02
   1.5131038e+03   8.4832248e+02
