   1.1311246e+03   7.9026163e+02
   1.0975104e+03   8.2693164e+02
   1.0700079e+03   8.8804832e+02
   1.0638962e+03   9.5833250e+02
   1.0761195e+03   1.0347283e+03
   1.1127895e+03   1.1050125e+03
   1.1616829e+03   1.1508500e+03
   1.2227996e+03   1.1722409e+03
   1.3083629e+03   1.1814084e+03
   1.3969821e+03   1.1600175e+03
   1.4580988e+03   1.1141800e+03
   1.5131038e+03   1.0286167e+03
   1.5314388e+03   9.0332749e+02
   1.5008805e+03   8.3304331e+02
   1.4733780e+03   7.8109413e+02
   1.4122613e+03   7.4442412e+02
   1.3542004e+03   7.2914495e+02
   1.2961396e+03   7.2608912e+02
   1.2380787e+03   7.3220079e+02
   1.1952971e+03   7.4442412e+02
