   1.3480888e+03   8.6971331e+02
   1.3083629e+03   8.9721582e+02
   1.2839162e+03   9.2777416e+02
   1.2441904e+03   9.7666750e+02
   1.2289112e+03   1.0316725e+03
   1.2166879e+03   1.0958450e+03
   1.2319671e+03   1.1752967e+03
   1.2686371e+03   1.2516926e+03
   1.3114188e+03   1.2975301e+03
   1.3725354e+03   1.3219767e+03
   1.4611546e+03   1.3250326e+03
   1.5314388e+03   1.2883626e+03
   1.5956113e+03   1.2241901e+03
   1.6292255e+03   1.1325150e+03
   1.6292255e+03   1.0316725e+03
   1.6108905e+03   9.6444417e+02
   1.5803321e+03   9.0332749e+02
   1.5314388e+03   8.7276915e+02
   1.4642105e+03   8.5748998e+02
   1.4153171e+03   8.4832248e+02
