   1.2862029e+03   8.2508328e+02
   1.3444785e+03   8.1029692e+02
   1.4097125e+03   8.2160414e+02
   1.4705975e+03   8.6335387e+02
   1.5184357e+03   9.1467124e+02
   1.5462689e+03   9.8947284e+02
   1.5253940e+03   1.0686234e+03
   1.5027796e+03   1.1547322e+03
   1.4549413e+03   1.2034402e+03
   1.3697023e+03   1.2199661e+03
   1.3009892e+03   1.2112683e+03
   1.2566301e+03   1.1729977e+03
   1.2096617e+03   1.1399458e+03
   1.1844379e+03   1.0921076e+03
   1.1774796e+03   1.0294830e+03
   1.1870473e+03   9.3989504e+02
   1.2314063e+03   8.7466109e+02
