   1.4917130e+03   7.1386578e+02
   1.4428196e+03   6.8025161e+02
   1.3878146e+03   6.5580494e+02
   1.3144746e+03   6.7719578e+02
   1.2411346e+03   7.5053579e+02
   1.1830737e+03   8.2998747e+02
   1.1586271e+03   9.2471832e+02
   1.1647387e+03   1.0408400e+03
   1.1861296e+03   1.1447384e+03
   1.2380787e+03   1.2180784e+03
   1.3144746e+03   1.2547484e+03
   1.3817029e+03   1.2578042e+03
   1.4611546e+03   1.1966875e+03
   1.5161596e+03   1.1202917e+03
   1.5497738e+03   1.0225050e+03
   1.5558855e+03   8.9721582e+02
   1.5497738e+03   8.0248497e+02
