   1.5161596e+03   1.0408400e+03
   1.5161596e+03   1.0011142e+03
   1.4886571e+03   9.3694166e+02
   1.4550429e+03   8.6665748e+02
   1.3969821e+03   8.1165247e+02
   1.3419771e+03   7.7498246e+02
   1.2564137e+03   7.9026163e+02
   1.1922412e+03   8.1470830e+02
   1.1402921e+03   8.6360165e+02
   1.1005662e+03   9.3082999e+02
   1.1097337e+03   1.0500075e+03
   1.1341804e+03   1.1508500e+03
   1.1891854e+03   1.2303017e+03
   1.2747487e+03   1.2700276e+03
   1.3542004e+03   1.2639159e+03
   1.4367079e+03   1.1997434e+03
   1.4886571e+03   1.1355709e+03
