   1.2311120e+03   7.3002672e+02
   1.1733250e+03   7.5331401e+02
   1.1293379e+03   8.0678853e+02
   1.1198505e+03   8.7837538e+02
   1.1129506e+03   9.3443737e+02
   1.1345129e+03   9.8446192e+02
   1.1621126e+03   1.0413864e+03
   1.1991998e+03   1.0707111e+03
   1.2612992e+03   1.0939984e+03
   1.3423735e+03   1.0931359e+03
   1.4001605e+03   1.0560488e+03
   1.4527725e+03   9.9222435e+02
   1.4760598e+03   9.2322497e+02
   1.4726098e+03   8.6026304e+02
   1.4562225e+03   8.0678853e+02
   1.4148228e+03   7.6452641e+02
   1.3087363e+03   7.2743924e+02
