   1.2804605e+03   5.8488365e+02
   1.2322120e+03   6.1168837e+02
   1.1882523e+03   6.5779250e+02
   1.1464369e+03   7.3499011e+02
   1.1389316e+03   8.1862085e+02
   1.1668085e+03   9.0654035e+02
   1.2182735e+03   9.7408826e+02
   1.2826049e+03   1.0234090e+03
   1.3833907e+03   1.0212646e+03
   1.4959705e+03   9.9017110e+02
   1.5699515e+03   9.3977821e+02
   1.5989007e+03   8.7759125e+02
   1.6139113e+03   8.1111553e+02
   1.5978285e+03   7.4356762e+02
   1.5506521e+03   6.5672031e+02
   1.4927539e+03   6.0954399e+02
   1.4241338e+03   5.7201738e+02
   1.3480084e+03   5.6343987e+02
