   1.2263961e+03   6.7776162e+02
   1.1759175e+03   7.1427805e+02
   1.1082547e+03   7.5723854e+02
   1.0738863e+03   8.3564145e+02
   1.0674422e+03   9.2048844e+02
   1.0749603e+03   9.8170715e+02
   1.0964406e+03   1.0439999e+03
   1.1426231e+03   1.1148847e+03
   1.2049158e+03   1.1460311e+03
   1.3123171e+03   1.1535491e+03
   1.4175703e+03   1.1234768e+03
   1.4873811e+03   1.0375558e+03
   1.5099354e+03   9.1834042e+02
   1.4884551e+03   8.1845726e+02
   1.4454946e+03   7.4327638e+02
   1.3885720e+03   6.8850175e+02
   1.3219832e+03   6.6809551e+02
