   1.1280687e+03   1.0438958e+03
   1.1127895e+03   1.0897334e+03
   1.1189012e+03   1.1661292e+03
   1.1402921e+03   1.2333576e+03
   1.1922412e+03   1.2975301e+03
   1.2533579e+03   1.3342001e+03
   1.3603121e+03   1.3219767e+03
   1.4428196e+03   1.2700276e+03
   1.5008805e+03   1.1997434e+03
   1.5253271e+03   1.1019567e+03
   1.5039363e+03   1.0225050e+03
   1.4642105e+03   9.7361167e+02
   1.4061496e+03   9.3694166e+02
   1.3328096e+03   9.0638332e+02
   1.2686371e+03   9.0638332e+02
   1.2044646e+03   9.2777416e+02
   1.1739062e+03   9.6444417e+02
