   1.4649363e+03   1.1136716e+03
   1.4432245e+03   1.1178072e+03
   1.4184110e+03   1.1167733e+03
   1.3760212e+03   1.1054004e+03
   1.3563772e+03   1.0826547e+03
   1.3439704e+03   1.0588751e+03
   1.3439704e+03   1.0299260e+03
   1.3470721e+03   9.9477349e+02
   1.3563772e+03   9.5651932e+02
   1.3946313e+03   9.4411256e+02
   1.4256482e+03   9.3377360e+02
   1.4597668e+03   9.5445153e+02
   1.4866481e+03   9.9373960e+02
   1.5114616e+03   1.0268243e+03
   1.5197328e+03   1.0630107e+03
   1.5021566e+03   1.0898920e+03
