   1.3658685e+03   8.4816235e+02
   1.2946693e+03   8.7528584e+02
   1.2302510e+03   9.3292327e+02
   1.1839150e+03   1.0255952e+03
   1.1918261e+03   1.1386098e+03
   1.1997371e+03   1.1759046e+03
   1.2031275e+03   1.1996376e+03
   1.2325113e+03   1.2358023e+03
   1.2765870e+03   1.2776177e+03
   1.3082311e+03   1.3115220e+03
   1.4065537e+03   1.3296044e+03
   1.4992257e+03   1.3307345e+03
   1.5794660e+03   1.2968302e+03
   1.6291924e+03   1.2278913e+03
   1.6664872e+03   1.1340892e+03
   1.6687475e+03   1.0267254e+03
   1.6348431e+03   9.3857399e+02
   1.5602535e+03   8.7867628e+02
   1.4596706e+03   8.4703220e+02
