   1.2778046e+03   7.5359162e+02
   1.3358654e+03   7.3220079e+02
   1.3847588e+03   7.3831245e+02
   1.4519871e+03   7.6581496e+02
   1.4978246e+03   7.9942913e+02
   1.5344946e+03   8.4221081e+02
   1.5650530e+03   8.8804832e+02
   1.5772763e+03   9.4916500e+02
   1.5803321e+03   1.0133375e+03
   1.5681088e+03   1.0927892e+03
   1.5283830e+03   1.1477942e+03
   1.4856013e+03   1.1936317e+03
   1.4305963e+03   1.2425251e+03
   1.3633679e+03   1.2547484e+03
   1.3144746e+03   1.2425251e+03
   1.2839162e+03   1.2303017e+03
   1.2289112e+03   1.1997434e+03
   1.1861296e+03   1.1569617e+03
   1.1586271e+03   1.1172359e+03
   1.1494596e+03   1.0683425e+03
   1.1433479e+03   1.0347283e+03
   1.1464037e+03   9.7055583e+02
   1.1677946e+03   9.0943916e+02
   1.1922412e+03   8.5443414e+02
   1.2319671e+03   7.9637330e+02
