   1.3343701e+03   6.9077509e+02
   1.3708865e+03   7.0151521e+02
   1.4417713e+03   7.3803164e+02
   1.4868798e+03   8.1428652e+02
   1.4858058e+03   8.9805950e+02
   1.4718437e+03   9.5283413e+02
   1.4546595e+03   1.0000907e+03
   1.4342532e+03   1.0344591e+03
   1.3773306e+03   1.0720495e+03
   1.3010757e+03   1.0827896e+03
   1.2484491e+03   1.0720495e+03
   1.2033405e+03   1.0409032e+03
   1.1915264e+03   9.8183247e+02
   1.1840083e+03   9.1631771e+02
   1.1829343e+03   8.5832103e+02
   1.1883044e+03   7.9065825e+02
   1.2301909e+03   7.4125367e+02
   1.2795954e+03   7.0151521e+02
