   1.2472462e+03   7.1386578e+02
   1.1922412e+03   7.3220079e+02
   1.1433479e+03   7.8109413e+02
   1.1005662e+03   8.6971331e+02
   1.0852870e+03   9.5222083e+02
   1.1097337e+03   1.0316725e+03
   1.1586271e+03   1.0836217e+03
   1.2044646e+03   1.1355709e+03
   1.2594696e+03   1.1691850e+03
   1.3144746e+03   1.1814084e+03
   1.3817029e+03   1.1477942e+03
   1.4244846e+03   1.0989009e+03
   1.4733780e+03   1.0041700e+03
   1.4947688e+03   8.9110415e+02
   1.4917130e+03   7.9331747e+02
   1.4580988e+03   7.3220079e+02
   1.4000379e+03   6.8941911e+02
   1.3266979e+03   6.8941911e+02
