   1.2411346e+03   1.0347283e+03
   1.3053071e+03   9.8583500e+02
   1.3572563e+03   9.3082999e+02
   1.3908704e+03   8.6971331e+02
   1.4061496e+03   8.1776414e+02
   1.4030938e+03   7.5053579e+02
   1.3694796e+03   6.8636328e+02
   1.3205863e+03   6.2219077e+02
   1.2716929e+03   5.7329742e+02
   1.2105762e+03   5.5190658e+02
   1.1280687e+03   5.7024159e+02
   1.0516729e+03   6.0079993e+02
   1.0027795e+03   6.3746994e+02
   9.7222119e+02   7.0164245e+02
   9.9055619e+02   8.0248497e+02
   1.0027795e+03   8.8804832e+02
   1.0394495e+03   9.6444417e+02
   1.0761195e+03   1.0133375e+03
   1.1311246e+03   1.0347283e+03
   1.1586271e+03   1.0377842e+03
