   1.1372362e+03   8.8193665e+02
   1.0975104e+03   9.2166249e+02
   1.0547287e+03   9.8583500e+02
   1.0547287e+03   1.0836217e+03
   1.0608404e+03   1.1569617e+03
   1.1036220e+03   1.2486367e+03
   1.1372362e+03   1.3066976e+03
   1.1922412e+03   1.3464234e+03
   1.2839162e+03   1.3464234e+03
   1.3786471e+03   1.2761392e+03
   1.4428196e+03   1.1783525e+03
   1.4733780e+03   1.0713984e+03
   1.4672663e+03   9.8277917e+02
   1.4244846e+03   8.9415999e+02
   1.3542004e+03   8.4526664e+02
   1.2716929e+03   8.1470830e+02
   1.2044646e+03   8.2081997e+02
