   1.4861398e+03   5.7872085e+02
   1.5171020e+03   5.9316988e+02
   1.5563208e+03   6.0968304e+02
   1.6058603e+03   6.3342073e+02
   1.6254697e+03   6.6335085e+02
   1.6430149e+03   6.9328097e+02
   1.6729450e+03   7.1701865e+02
   1.7008110e+03   7.6346194e+02
   1.7080355e+03   8.2951462e+02
   1.7039072e+03   8.8008620e+02
   1.6946186e+03   9.2962571e+02
   1.6615922e+03   9.8226144e+02
   1.6265017e+03   1.0410896e+03
   1.5707698e+03   1.0895970e+03
   1.5026530e+03   1.1040461e+03
   1.4304078e+03   1.1102385e+03
   1.3767400e+03   1.0926933e+03
   1.3354571e+03   1.0637952e+03
   1.2972704e+03   1.0348972e+03
   1.2817893e+03   9.8948595e+02
   1.2745648e+03   9.3788229e+02
   1.2632120e+03   8.9453522e+02
   1.2559875e+03   8.4499571e+02
   1.2539233e+03   7.9442413e+02
   1.2601158e+03   7.1908279e+02
   1.2745648e+03   6.5819048e+02
   1.3003666e+03   6.2310000e+02
   1.3302968e+03   5.9936231e+02
   1.3705476e+03   5.8491329e+02
   1.4159588e+03   5.7768878e+02
