   1.0975104e+03   9.4610916e+02
   1.1372362e+03   9.0638332e+02
   1.1922412e+03   8.7582498e+02
   1.2564137e+03   8.4526664e+02
   1.3633679e+03   8.5748998e+02
   1.4183729e+03   8.9721582e+02
   1.4794896e+03   9.6444417e+02
   1.5008805e+03   1.0408400e+03
   1.4947688e+03   1.1202917e+03
   1.4733780e+03   1.2150225e+03
   1.4183729e+03   1.2975301e+03
   1.3480888e+03   1.3525351e+03
   1.2533579e+03   1.3769817e+03
   1.1647387e+03   1.3617026e+03
   1.1066779e+03   1.3097534e+03
   1.0608404e+03   1.2425251e+03
   1.0455612e+03   1.1630734e+03
   1.0486170e+03   1.0805659e+03
   1.0700079e+03   1.0133375e+03
