   1.3665230e+03   6.7708119e+02
   1.4120364e+03   6.8575041e+02
   1.4445459e+03   6.9225232e+02
   1.4922266e+03   7.2476189e+02
   1.5290708e+03   7.7460989e+02
   1.5399073e+03   8.3529442e+02
   1.5377400e+03   8.9164434e+02
   1.5095651e+03   9.5232887e+02
   1.4727209e+03   1.0021769e+03
   1.4228729e+03   1.0455230e+03
   1.3556864e+03   1.0563595e+03
   1.2819981e+03   1.0281845e+03
   1.2429866e+03   9.8700574e+02
   1.2256482e+03   9.3932504e+02
   1.2104770e+03   8.5913477e+02
   1.2256482e+03   7.8761372e+02
   1.2473212e+03   7.4860224e+02
   1.2689943e+03   7.0959076e+02
   1.3123404e+03   6.7924849e+02
