   1.3428951e+03   6.8511715e+02
   1.2966816e+03   6.8319159e+02
   1.2485425e+03   6.9570776e+02
   1.1975150e+03   7.1881452e+02
   1.1484131e+03   7.5732580e+02
   1.1407109e+03   8.1509272e+02
   1.1378225e+03   8.5360400e+02
   1.1435992e+03   9.1618483e+02
   1.1570782e+03   9.4603107e+02
   1.2013661e+03   9.6913784e+02
   1.2591331e+03   9.6336115e+02
   1.3371184e+03   9.5854724e+02
   1.3746669e+03   9.2099874e+02
   1.4064387e+03   8.7767355e+02
   1.4208804e+03   8.1990663e+02
   1.4141410e+03   7.6117693e+02
   1.3939225e+03   7.1303783e+02
