   1.5069921e+03   1.1814084e+03
   1.5406063e+03   1.1325150e+03
   1.5650530e+03   1.0713984e+03
   1.5803321e+03   9.9194667e+02
   1.5650530e+03   9.3082999e+02
   1.5314388e+03   8.6054581e+02
   1.4917130e+03   8.0248497e+02
   1.4428196e+03   7.7192663e+02
   1.3908704e+03   7.6581496e+02
   1.3144746e+03   7.8720580e+02
   1.2564137e+03   8.1470830e+02
   1.2258554e+03   8.6054581e+02
   1.1952971e+03   9.2166249e+02
   1.1952971e+03   9.8277917e+02
   1.1983529e+03   1.0408400e+03
   1.2227996e+03   1.1233475e+03
   1.2655812e+03   1.1661292e+03
   1.3114188e+03   1.1966875e+03
   1.3633679e+03   1.2119667e+03
   1.4305963e+03   1.1997434e+03
