   1.2549259e+03   7.8821005e+02
   1.2185335e+03   8.0533590e+02
   1.1703670e+03   8.3530614e+02
   1.1211302e+03   8.6313564e+02
   1.0847378e+03   9.1344282e+02
   1.0815267e+03   9.7552403e+02
   1.0793860e+03   1.0354645e+03
   1.1007933e+03   1.0996864e+03
   1.1350450e+03   1.1542751e+03
   1.1735781e+03   1.2142155e+03
   1.2217446e+03   1.2538191e+03
   1.2741925e+03   1.2805782e+03
   1.3437663e+03   1.2955633e+03
   1.4090586e+03   1.2666635e+03
   1.4443806e+03   1.2238488e+03
   1.4839842e+03   1.1660491e+03
   1.5214470e+03   1.0889828e+03
   1.5364321e+03   1.0311830e+03
   1.5407135e+03   9.7017220e+02
   1.5160951e+03   9.0380953e+02
   1.4689990e+03   8.5029126e+02
   1.4079882e+03   8.0105444e+02
   1.3512588e+03   7.7857676e+02
   1.3020220e+03   7.7215457e+02
