   1.5986671e+03   1.0989009e+03
   1.6353372e+03   1.0652867e+03
   1.6658955e+03   1.0102817e+03
   1.6781188e+03   9.3999749e+02
   1.6720072e+03   8.7888082e+02
   1.6353372e+03   8.0859664e+02
   1.5894996e+03   7.5664746e+02
   1.5344946e+03   7.2914495e+02
   1.4642105e+03   7.3220079e+02
   1.3908704e+03   7.5664746e+02
   1.3297538e+03   7.9942913e+02
   1.2900279e+03   8.5748998e+02
   1.2716929e+03   9.2471832e+02
   1.2930838e+03   1.0133375e+03
   1.3328096e+03   1.0683425e+03
   1.3878146e+03   1.1080684e+03
   1.4703221e+03   1.1325150e+03
   1.5314388e+03   1.1264034e+03
