   1.1529166e+03   8.9087335e+02
   1.1097482e+03   9.3063369e+02
   1.0654439e+03   1.0022023e+03
   1.0347716e+03   1.0851310e+03
   1.0313636e+03   1.1930520e+03
   1.0540838e+03   1.2589405e+03
   1.1245164e+03   1.3384612e+03
   1.2017650e+03   1.3873096e+03
   1.2937818e+03   1.4020778e+03
   1.3767106e+03   1.3679975e+03
   1.4380551e+03   1.3214211e+03
   1.4948556e+03   1.2169082e+03
   1.5221198e+03   1.1010352e+03
   1.4982636e+03   1.0022023e+03
   1.4403271e+03   9.2608965e+02
   1.3778466e+03   8.7269719e+02
   1.2937818e+03   8.4884099e+02
   1.2119891e+03   8.5906508e+02
