   1.1016310e+03   5.1949804e+02
   1.0520641e+03   5.2076899e+02
   1.0024972e+03   5.3347844e+02
   9.5038848e+02   5.5635545e+02
   9.1988580e+02   5.9448380e+02
   8.9319595e+02   6.3769594e+02
   8.6904800e+02   6.8472091e+02
   8.5888043e+02   7.5335195e+02
   8.5125476e+02   8.2960866e+02
   8.7794461e+02   8.8934308e+02
   9.0336351e+02   9.3636805e+02
   9.4784659e+02   9.7830924e+02
   9.9995535e+02   1.0164376e+03
   1.0622317e+03   1.0227923e+03
   1.1168823e+03   1.0177085e+03
   1.1473850e+03   1.0088119e+03
   1.1982228e+03   9.9101869e+02
   1.2350802e+03   9.4018089e+02
   1.2655829e+03   8.9061402e+02
   1.2884599e+03   8.1817015e+02
   1.3037112e+03   7.3555872e+02
   1.2884599e+03   6.6946957e+02
   1.2693957e+03   6.0846420e+02
   1.2490606e+03   5.5889734e+02
   1.2033066e+03   5.3093655e+02
   1.1524688e+03   5.1822710e+02
