   1.3767043e+03   8.2296805e+02
   1.4074750e+03   8.4234221e+02
   1.4382458e+03   8.6855432e+02
   1.4610389e+03   9.1186127e+02
   1.4667372e+03   9.5858720e+02
   1.4553406e+03   1.0030338e+03
   1.4268492e+03   1.0543184e+03
   1.3892405e+03   1.0679942e+03
   1.3368163e+03   1.0964857e+03
   1.2980680e+03   1.0987650e+03
   1.2308282e+03   1.1033236e+03
   1.1692868e+03   1.0828098e+03
   1.1407954e+03   1.0486201e+03
   1.1202815e+03   9.9847518e+02
   1.1180022e+03   9.5858720e+02
   1.1305385e+03   9.1414058e+02
   1.1510523e+03   8.7425260e+02
   1.1932196e+03   8.3778359e+02
   1.2445041e+03   8.2638702e+02
   1.2957887e+03   8.1613011e+02
   1.3299784e+03   8.1613011e+02
