   1.2690688e+03   7.9949636e+02
   1.2407597e+03   8.4982360e+02
   1.2344688e+03   9.2112052e+02
   1.2386627e+03   9.7773866e+02
   1.2596324e+03   1.0406477e+03
   1.2931839e+03   1.0825871e+03
   1.3424627e+03   1.1182355e+03
   1.4221475e+03   1.1360598e+03
   1.5332868e+03   1.1297689e+03
   1.6014383e+03   1.0878295e+03
   1.6601534e+03   1.0070962e+03
   1.6674928e+03   9.1902355e+02
   1.6423291e+03   8.4562966e+02
   1.5343353e+03   7.3553882e+02
   1.3613354e+03   7.2610247e+02
   1.3152021e+03   7.4707215e+02
