   1.0363937e+03   7.5053579e+02
   1.0791754e+03   7.0775412e+02
   1.1005662e+03   6.9247495e+02
   1.1616829e+03   6.8636328e+02
   1.2044646e+03   6.9553078e+02
   1.2441904e+03   7.1997745e+02
   1.2778046e+03   7.4747996e+02
   1.2961396e+03   7.9026163e+02
   1.3144746e+03   8.5443414e+02
   1.3083629e+03   9.1860666e+02
   1.2900279e+03   9.8277917e+02
   1.2503021e+03   1.0438958e+03
   1.2105762e+03   1.0836217e+03
   1.1677946e+03   1.1050125e+03
   1.1250129e+03   1.1080684e+03
   1.0516729e+03   1.1111242e+03
   1.0150029e+03   1.0897334e+03
   9.8444452e+02   1.0377842e+03
   9.6610952e+02   9.6444417e+02
   9.6305369e+02   8.6665748e+02
   9.9666786e+02   8.0248497e+02
