   1.2799773e+03   7.5615237e+02
   1.3537177e+03   7.7335846e+02
   1.4225420e+03   8.1514465e+02
   1.4815343e+03   8.7782395e+02
   1.5098014e+03   9.6016733e+02
   1.5134884e+03   1.0560298e+03
   1.4717022e+03   1.1309991e+03
   1.4176260e+03   1.1850754e+03
   1.3291376e+03   1.2145715e+03
   1.2148400e+03   1.1998235e+03
   1.1730538e+03   1.1531212e+03
   1.1238936e+03   1.1002740e+03
   1.0907104e+03   1.0265336e+03
   1.0894814e+03   9.3927424e+02
   1.1103745e+03   8.7044991e+02
   1.1484737e+03   8.2251869e+02
   1.2074660e+03   7.8441951e+02
