   1.2061424e+03   6.0339283e+02
   1.2776635e+03   6.1206205e+02
   1.3513518e+03   6.2723318e+02
   1.3990325e+03   6.7924849e+02
   1.3990325e+03   6.7924849e+02
   1.4011998e+03   7.4860224e+02
   1.4011998e+03   8.2229059e+02
   1.3730249e+03   9.1981930e+02
   1.2993365e+03   9.7616922e+02
   1.1823021e+03   1.0065115e+03
   1.1194502e+03   9.7616922e+02
   1.0761042e+03   9.4365965e+02
   1.0435946e+03   8.8514243e+02
   1.0327581e+03   8.0928677e+02
   1.0457619e+03   7.2692919e+02
   1.0739368e+03   6.7491388e+02
   1.1216175e+03   6.2506588e+02
