   1.3259256e+03   7.4374177e+02
   1.3849179e+03   7.3390973e+02
   1.4684903e+03   7.4497078e+02
   1.5360856e+03   7.8675697e+02
   1.5791008e+03   8.4820726e+02
   1.5926198e+03   9.3300866e+02
   1.5803298e+03   1.0227261e+03
   1.5336276e+03   1.1001534e+03
   1.4586582e+03   1.1505427e+03
   1.3775438e+03   1.1714358e+03
   1.2853684e+03   1.1480847e+03
   1.2312921e+03   1.1038405e+03
   1.2091700e+03   1.0583673e+03
   1.1870479e+03   1.0104360e+03
   1.1821319e+03   9.0719954e+02
   1.1931930e+03   8.5066527e+02
   1.2521852e+03   7.8552797e+02
