   1.3969821e+03   6.3135827e+02
   1.4550429e+03   6.4969327e+02
   1.4856013e+03   6.8025161e+02
   1.5375505e+03   7.5053579e+02
   1.5497738e+03   8.4526664e+02
   1.5222713e+03   9.3694166e+02
   1.4794896e+03   1.0286167e+03
   1.4122613e+03   1.0775100e+03
   1.2900279e+03   1.0713984e+03
   1.2227996e+03   1.0255608e+03
   1.1708504e+03   9.6138833e+02
   1.1341804e+03   8.8499248e+02
   1.1341804e+03   7.9331747e+02
   1.1616829e+03   7.3220079e+02
   1.2289112e+03   6.6802827e+02
   1.3144746e+03   6.3746994e+02
