   1.2977474e+03   8.0666049e+02
   1.2637667e+03   8.3821396e+02
   1.2382812e+03   8.8675777e+02
   1.2152229e+03   9.4743753e+02
   1.2067278e+03   1.0056901e+03
   1.2127957e+03   1.0590883e+03
   1.2225045e+03   1.1124865e+03
   1.2540580e+03   1.1573895e+03
   1.3062426e+03   1.1901566e+03
   1.3802719e+03   1.2022925e+03
   1.4555148e+03   1.2059333e+03
   1.5040586e+03   1.1792342e+03
   1.5356121e+03   1.1221952e+03
   1.5489616e+03   1.0518067e+03
   1.5550296e+03   9.7656382e+02
   1.5489616e+03   9.0496170e+02
   1.5149809e+03   8.3942756e+02
   1.4543012e+03   7.9695173e+02
   1.4021166e+03   7.7267982e+02
   1.3475048e+03   7.7389342e+02
