   1.3808896e+03   6.6672965e+02
   1.4533390e+03   6.7802046e+02
   1.5135566e+03   7.1377468e+02
   1.5568381e+03   7.6270151e+02
   1.6076467e+03   8.2291915e+02
   1.6330510e+03   9.1042290e+02
   1.6274056e+03   1.0346218e+03
   1.5813015e+03   1.1447071e+03
   1.4712161e+03   1.2397381e+03
   1.3950032e+03   1.2707878e+03
   1.2999722e+03   1.2604379e+03
   1.2435182e+03   1.2180974e+03
   1.2115275e+03   1.1437662e+03
   1.1710688e+03   1.0703760e+03
   1.1400191e+03   1.0016903e+03
   1.1287283e+03   8.9913209e+02
   1.1550735e+03   8.0221934e+02
   1.2218774e+03   7.4200170e+02
   1.3027949e+03   6.9119307e+02
