   1.1402921e+03   8.5137831e+02
   1.2014087e+03   8.2387581e+02
   1.2930838e+03   8.4221081e+02
   1.3572563e+03   8.8804832e+02
   1.4092054e+03   9.3999749e+02
   1.4305963e+03   1.0225050e+03
   1.4214288e+03   1.1050125e+03
   1.3755913e+03   1.1875200e+03
   1.2900279e+03   1.2700276e+03
   1.2014087e+03   1.2975301e+03
   1.1250129e+03   1.2975301e+03
   1.0791754e+03   1.2700276e+03
   1.0363937e+03   1.2027992e+03
   1.0088912e+03   1.1141800e+03
   1.0027795e+03   1.0377842e+03
   1.0211145e+03   9.6750000e+02
   1.0730637e+03   8.8499248e+02
