   1.3535191e+03   7.5076954e+02
   1.2798308e+03   7.6160607e+02
   1.2299828e+03   7.9194833e+02
   1.1931386e+03   8.5263286e+02
   1.1692982e+03   9.0031356e+02
   1.1519598e+03   9.5666348e+02
   1.1497925e+03   1.0000096e+03
   1.1562944e+03   1.0455230e+03
   1.1758002e+03   1.0801998e+03
   1.2169789e+03   1.1213786e+03
   1.2581577e+03   1.1538882e+03
   1.3253442e+03   1.1842305e+03
   1.3903633e+03   1.1994016e+03
   1.4618844e+03   1.2059035e+03
   1.5138997e+03   1.1733939e+03
   1.5507439e+03   1.1343825e+03
   1.5810861e+03   1.0823671e+03
   1.6027592e+03   1.0260172e+03
   1.6027592e+03   9.6533270e+02
   1.6027592e+03   9.0681547e+02
   1.5810861e+03   8.3962903e+02
   1.5160670e+03   8.0061755e+02
   1.4640517e+03   7.6594068e+02
