   1.3968652e+03   8.2897133e+02
   1.3765703e+03   8.3911880e+02
   1.3512016e+03   8.4292410e+02
   1.3296383e+03   8.5687687e+02
   1.2991959e+03   8.7082963e+02
   1.2725587e+03   8.8985614e+02
   1.2649481e+03   9.1268794e+02
   1.2535322e+03   9.4566721e+02
   1.2611428e+03   9.8752551e+02
   1.2763640e+03   1.0052836e+03
   1.2953906e+03   1.0230416e+03
   1.3372489e+03   1.0395313e+03
   1.3816440e+03   1.0357260e+03
   1.4184286e+03   1.0319207e+03
   1.4476026e+03   1.0217732e+03
   1.4729712e+03   9.9386768e+02
   1.4983399e+03   9.7484118e+02
   1.5097558e+03   9.3425131e+02
   1.5084874e+03   9.0888264e+02
   1.4856556e+03   8.7336650e+02
   1.4577500e+03   8.6068217e+02
   1.4298445e+03   8.4672940e+02
