   1.3527232e+03   8.7472702e+02
   1.3268156e+03   8.8228340e+02
   1.3009080e+03   8.9631668e+02
   1.2803978e+03   9.1790633e+02
   1.2544902e+03   9.3733702e+02
   1.2393775e+03   9.6432409e+02
   1.2393775e+03   9.9023168e+02
   1.2393775e+03   1.0139803e+03
   1.2566492e+03   1.0334110e+03
   1.2825568e+03   1.0539212e+03
   1.3203387e+03   1.0636365e+03
   1.3548821e+03   1.0603981e+03
   1.3775513e+03   1.0485238e+03
   1.3969820e+03   1.0236956e+03
   1.4066973e+03   9.8591375e+02
   1.4002204e+03   9.3841651e+02
   1.3926640e+03   9.1250892e+02
   1.3764718e+03   8.9523719e+02
