   1.3755913e+03   6.2830243e+02
   1.4428196e+03   6.9553078e+02
   1.4764338e+03   7.6887079e+02
   1.4764338e+03   8.5137831e+02
   1.4580988e+03   9.2777416e+02
   1.4000379e+03   1.0011142e+03
   1.3328096e+03   1.0622309e+03
   1.2503021e+03   1.0775100e+03
   1.1586271e+03   1.0622309e+03
   1.0913987e+03   1.0316725e+03
   1.0394495e+03   9.4610916e+02
   1.0302820e+03   8.5443414e+02
   1.0425054e+03   7.5359162e+02
   1.0913987e+03   6.6802827e+02
   1.1891854e+03   5.9468826e+02
   1.2900279e+03   5.8552076e+02
