   1.1234986e+03   6.3377197e+02
   1.0624495e+03   6.9679043e+02
   1.0230630e+03   7.7457884e+02
   1.0053390e+03   8.5039792e+02
   1.0063237e+03   9.3015565e+02
   1.0289709e+03   9.7446550e+02
   1.0742655e+03   1.0296067e+03
   1.1717471e+03   1.0857325e+03
   1.2583975e+03   1.1034564e+03
   1.3686798e+03   1.0778552e+03
   1.4228363e+03   1.0236987e+03
   1.4612382e+03   9.4492560e+02
   1.4868394e+03   8.6319854e+02
   1.4848701e+03   7.7950215e+02
   1.4444989e+03   7.0269841e+02
   1.3844344e+03   6.4066462e+02
   1.3036920e+03   6.1014005e+02
   1.2170417e+03   6.1014005e+02
