   1.1845821e+03   5.0934900e+02
   1.2570825e+03   5.0002752e+02
   1.3357972e+03   5.1763476e+02
   1.4176191e+03   5.5492068e+02
   1.4828695e+03   7.0199292e+02
   1.4745837e+03   8.1592213e+02
   1.4290120e+03   9.0706549e+02
   1.3772260e+03   9.9820885e+02
   1.3036899e+03   1.0510306e+03
   1.2063322e+03   1.0572449e+03
   1.1234746e+03   1.0178875e+03
   1.0768672e+03   9.6403009e+02
   1.0457956e+03   9.1845841e+02
   1.0199026e+03   8.3663653e+02
   1.0012597e+03   7.5067176e+02
   1.0199026e+03   6.5331408e+02
   1.0551171e+03   5.8184940e+02
   1.1079388e+03   5.3938488e+02
