   1.2319671e+03   6.5274910e+02
   1.1983529e+03   6.7719578e+02
   1.1647387e+03   7.2608912e+02
   1.1433479e+03   7.6887079e+02
   1.1311246e+03   8.5443414e+02
   1.1311246e+03   9.4916500e+02
   1.1677946e+03   1.0194492e+03
   1.2258554e+03   1.0897334e+03
   1.2930838e+03   1.1294592e+03
   1.3755913e+03   1.1386267e+03
   1.4550429e+03   1.1141800e+03
   1.5131038e+03   1.0622309e+03
   1.5681088e+03   9.8583500e+02
   1.6078346e+03   8.8193665e+02
   1.6108905e+03   7.9026163e+02
   1.5925555e+03   7.2914495e+02
   1.5619971e+03   6.7108411e+02
   1.5039363e+03   6.2524660e+02
   1.4458754e+03   6.0079993e+02
   1.3755913e+03   6.0079993e+02
   1.3022513e+03   6.0996743e+02
