   1.0272262e+03   7.6581496e+02
   9.9361203e+02   8.0859664e+02
   9.7222119e+02   8.4526664e+02
   9.5999785e+02   9.0027165e+02
   9.6916535e+02   9.5527666e+02
   9.8750036e+02   1.0286167e+03
   1.0302820e+03   1.0897334e+03
   1.0761195e+03   1.1141800e+03
   1.1280687e+03   1.1233475e+03
   1.1922412e+03   1.1264034e+03
   1.2747487e+03   1.0989009e+03
   1.3236421e+03   1.0408400e+03
   1.3450329e+03   9.6444417e+02
   1.3450329e+03   8.7276915e+02
   1.3083629e+03   7.9331747e+02
   1.2472462e+03   7.4442412e+02
   1.1616829e+03   7.1692162e+02
   1.1036220e+03   7.2608912e+02
