   1.2236594e+03   6.4510721e+02
   1.1872268e+03   6.5927542e+02
   1.1467462e+03   6.8862386e+02
   1.1163858e+03   7.4630873e+02
   1.1052536e+03   7.9994553e+02
   1.1042416e+03   8.7787070e+02
   1.1224579e+03   9.4769974e+02
   1.1619265e+03   9.9020438e+02
   1.2155633e+03   1.0286610e+03
   1.2752722e+03   1.0377691e+03
   1.3370051e+03   1.0387811e+03
   1.3977260e+03   1.0266369e+03
   1.4361826e+03   9.9526445e+02
   1.4493388e+03   9.4162765e+02
   1.4645190e+03   8.7584666e+02
   1.4614830e+03   7.9083739e+02
   1.4270744e+03   7.2303238e+02
   1.3643295e+03   6.6635953e+02
   1.2924764e+03   6.4105915e+02
   1.2671760e+03   6.4308318e+02
