   1.2061682e+03   1.0539629e+03
   1.2382135e+03   1.0628030e+03
   1.2868340e+03   1.0528579e+03
   1.3000941e+03   1.0219176e+03
   1.3111443e+03   9.9981734e+02
   1.3078292e+03   9.3793672e+02
   1.2890440e+03   9.0368137e+02
   1.2558937e+03   8.8047614e+02
   1.2238484e+03   8.7163605e+02
   1.1929081e+03   8.7163605e+02
   1.1553377e+03   8.8158115e+02
   1.1476026e+03   9.2246656e+02
   1.1464976e+03   9.3572669e+02
   1.1498126e+03   9.6666700e+02
   1.1597577e+03   9.9539729e+02
   1.1719129e+03   1.0318627e+03
