   1.1555712e+03   8.5443414e+02
   1.1036220e+03   8.9721582e+02
   1.0608404e+03   9.5222083e+02
   1.0363937e+03   1.0102817e+03
   1.0363937e+03   1.0989009e+03
   1.0577845e+03   1.1722409e+03
   1.1036220e+03   1.2486367e+03
   1.1586271e+03   1.2944742e+03
   1.2472462e+03   1.2883626e+03
   1.3297538e+03   1.2455809e+03
   1.3817029e+03   1.1875200e+03
   1.4305963e+03   1.1080684e+03
   1.4519871e+03   1.0133375e+03
   1.4519871e+03   9.3694166e+02
   1.3969821e+03   8.7888082e+02
   1.3236421e+03   8.3609914e+02
   1.2655812e+03   8.1776414e+02
   1.2258554e+03   8.2693164e+02
