   1.1178802e+03   6.7150914e+02
   1.0565090e+03   6.8095086e+02
   9.8726970e+02   7.0770241e+02
   9.5265005e+02   7.5648465e+02
   9.1960402e+02   8.1470860e+02
   9.0701506e+02   9.2643566e+02
   9.2117764e+02   1.0255737e+03
   9.5737091e+02   1.0995339e+03
   1.0093004e+03   1.1750677e+03
   1.0911287e+03   1.2081137e+03
   1.1855459e+03   1.1986720e+03
   1.2610797e+03   1.1719205e+03
   1.3161564e+03   1.1341536e+03
   1.3712331e+03   1.0790768e+03
   1.4027055e+03   1.0066903e+03
   1.3995583e+03   9.1069945e+02
   1.3791012e+03   8.2572395e+02
   1.3539233e+03   7.6435275e+02
   1.2956993e+03   7.1557052e+02
   1.2311809e+03   6.8724535e+02
   1.1808250e+03   6.7308276e+02
