   1.3053071e+03   1.3403117e+03
   1.3419771e+03   1.3372559e+03
   1.4000379e+03   1.3189209e+03
   1.4580988e+03   1.2730834e+03
   1.5100480e+03   1.2058550e+03
   1.5436621e+03   1.1202917e+03
   1.5314388e+03   1.0011142e+03
   1.4825455e+03   9.2471832e+02
   1.4030938e+03   8.7888082e+02
   1.3083629e+03   8.5137831e+02
   1.2227996e+03   8.6665748e+02
   1.1341804e+03   9.0332749e+02
   1.0883429e+03   9.4610916e+02
   1.0638962e+03   1.0011142e+03
   1.0425054e+03   1.0530634e+03
   1.0394495e+03   1.1264034e+03
   1.0516729e+03   1.1997434e+03
   1.0852870e+03   1.2455809e+03
   1.1311246e+03   1.2822509e+03
   1.1922412e+03   1.3189209e+03
   1.2472462e+03   1.3372559e+03
