   1.3079700e+03   9.2047974e+02
   1.2941889e+03   9.1221108e+02
   1.3148605e+03   9.3563895e+02
   1.3148605e+03   9.6320115e+02
   1.3107262e+03   9.8938525e+02
   1.2983232e+03   1.0086788e+03
   1.2804078e+03   1.0252161e+03
   1.2500894e+03   1.0293504e+03
   1.2183928e+03   1.0279723e+03
   1.1880744e+03   1.0197037e+03
   1.1715371e+03   1.0073007e+03
   1.1674028e+03   9.8111659e+02
   1.1715371e+03   9.4666383e+02
   1.1839401e+03   9.1634541e+02
   1.2004774e+03   9.0394242e+02
   1.2321739e+03   9.0394242e+02
   1.2638705e+03   9.0118620e+02
