   1.2706231e+03   6.5445462e+02
   1.2077851e+03   6.9036201e+02
   1.1599086e+03   7.3125654e+02
   1.1140269e+03   8.0606360e+02
   1.0990655e+03   8.8885009e+02
   1.1090398e+03   9.7961600e+02
   1.1469420e+03   1.0404591e+03
   1.2097800e+03   1.0923253e+03
   1.2975536e+03   1.1252404e+03
   1.3943041e+03   1.1122739e+03
   1.4591369e+03   1.0693845e+03
   1.5110031e+03   1.0095388e+03
   1.5439182e+03   9.3473176e+02
   1.5568848e+03   8.4695813e+02
   1.5389311e+03   7.5818708e+02
   1.4920520e+03   7.0332857e+02
   1.4411832e+03   6.5944176e+02
   1.3743555e+03   6.4049063e+02
