   1.0918510e+03   6.6532062e+02
   1.1760507e+03   6.6181230e+02
   1.2356921e+03   6.9251009e+02
   1.2891940e+03   7.3022452e+02
   1.3119981e+03   7.8548055e+02
   1.3076127e+03   8.4073657e+02
   1.3076127e+03   9.2318208e+02
   1.2856857e+03   9.7317562e+02
   1.2611274e+03   1.0214150e+03
   1.2427088e+03   1.0389566e+03
   1.1813132e+03   1.0600065e+03
   1.1251801e+03   1.0582524e+03
   1.0813261e+03   1.0275546e+03
   1.0436116e+03   9.6703607e+02
   1.0111597e+03   9.0388632e+02
   9.9449518e+02   8.3284286e+02
   1.0032660e+03   7.5565983e+02
