   1.2446122e+03   7.2633033e+02
   1.2042410e+03   7.2337634e+02
   1.1550079e+03   7.4503894e+02
   1.1195600e+03   7.6374754e+02
   1.1126673e+03   8.0510340e+02
   1.1038054e+03   8.5039792e+02
   1.1038054e+03   8.8289181e+02
   1.1028207e+03   9.0849306e+02
   1.1264526e+03   9.3606363e+02
   1.1648545e+03   9.4492560e+02
   1.2209803e+03   9.5280291e+02
   1.2554435e+03   9.2326301e+02
   1.2987687e+03   8.8683046e+02
   1.3243700e+03   8.5532123e+02
   1.3342166e+03   8.0608807e+02
   1.3342166e+03   7.5882422e+02
   1.3125540e+03   7.4110028e+02
