   1.2145267e+03   8.1771012e+02
   1.1678738e+03   8.5893834e+02
   1.1157960e+03   9.1861076e+02
   1.1060314e+03   1.0064920e+03
   1.1114562e+03   1.1019678e+03
   1.1483446e+03   1.1442810e+03
   1.1852330e+03   1.1952738e+03
   1.2590098e+03   1.2321622e+03
   1.3479760e+03   1.2582011e+03
   1.4640660e+03   1.2527763e+03
   1.5519472e+03   1.1985287e+03
   1.6224691e+03   1.0976280e+03
   1.6159594e+03   9.5224431e+02
   1.5573720e+03   8.5893834e+02
   1.4846801e+03   8.0794554e+02
   1.3967989e+03   7.6671732e+02
   1.3100026e+03   7.6129255e+02
