   1.3053071e+03   7.6887079e+02
   1.2533579e+03   8.0248497e+02
   1.2136321e+03   8.4832248e+02
   1.1830737e+03   9.1555082e+02
   1.1769621e+03   1.0041700e+03
   1.2075204e+03   1.0713984e+03
   1.2472462e+03   1.1141800e+03
   1.3236421e+03   1.1600175e+03
   1.4214288e+03   1.1691850e+03
   1.5039363e+03   1.1202917e+03
   1.5558855e+03   1.0438958e+03
   1.5711646e+03   9.6444417e+02
   1.5436621e+03   8.8499248e+02
   1.4764338e+03   7.9637330e+02
   1.4336521e+03   7.6887079e+02
   1.3817029e+03   7.5664746e+02
