   1.2843864e+03   5.6495279e+02
   1.3091999e+03   5.6862886e+02
   1.3606650e+03   5.9436140e+02
   1.4286724e+03   6.3571726e+02
   1.4939227e+03   6.7799214e+02
   1.5251694e+03   7.7908425e+02
   1.5150602e+03   8.5628186e+02
   1.4828945e+03   9.2245124e+02
   1.4452147e+03   9.9137768e+02
   1.3680171e+03   1.0575471e+03
   1.2641679e+03   1.0906317e+03
   1.1832943e+03   1.0694943e+03
   1.1180439e+03   1.0189483e+03
   1.0812831e+03   9.4450770e+02
   1.0583076e+03   8.2687325e+02
   1.0610647e+03   7.3589035e+02
   1.0959874e+03   6.6236882e+02
   1.1428574e+03   6.0538963e+02
   1.2044317e+03   5.7414298e+02
