   1.1597577e+03   7.3903471e+02
   1.1100322e+03   7.6665999e+02
   1.0614117e+03   8.2080553e+02
   1.0337865e+03   8.8268616e+02
   1.0194213e+03   9.6556199e+02
   1.0337865e+03   1.0440178e+03
   1.0647268e+03   1.1224736e+03
   1.1045072e+03   1.1843542e+03
   1.1553377e+03   1.2252396e+03
   1.2768889e+03   1.2462348e+03
   1.3608698e+03   1.2075594e+03
   1.4371155e+03   1.1423638e+03
   1.4813160e+03   1.0384927e+03
   1.4923661e+03   9.2025654e+02
   1.4570057e+03   8.2964562e+02
   1.3984401e+03   7.6887001e+02
   1.3144593e+03   7.2356455e+02
   1.2415286e+03   7.1582948e+02
