   1.1654101e+03   7.3786303e+02
   1.2196267e+03   7.2404310e+02
   1.2855372e+03   7.2935846e+02
   1.3535738e+03   7.6443983e+02
   1.4120427e+03   8.3247642e+02
   1.4492502e+03   9.1433295e+02
   1.4524394e+03   1.0206401e+03
   1.4067274e+03   1.1418303e+03
   1.3269970e+03   1.2141192e+03
   1.2281313e+03   1.2375068e+03
   1.1154457e+03   1.1949839e+03
   1.0314630e+03   1.1386411e+03
   9.9531858e+02   1.0620999e+03
   9.7830943e+02   9.7811725e+02
   9.9000322e+02   8.8456694e+02
   1.0197692e+03   8.2078263e+02
   1.0718597e+03   7.5912447e+02
