   1.4825455e+03   1.0072258e+03
   1.4336521e+03   9.7972334e+02
   1.3755913e+03   9.6444417e+02
   1.3083629e+03   9.6444417e+02
   1.2503021e+03   9.7666750e+02
   1.1952971e+03   1.0072258e+03
   1.1739062e+03   1.0438958e+03
   1.1739062e+03   1.1019567e+03
   1.1769621e+03   1.1661292e+03
   1.1952971e+03   1.2516926e+03
   1.2380787e+03   1.3219767e+03
   1.3236421e+03   1.3617026e+03
   1.3969821e+03   1.3555909e+03
   1.4519871e+03   1.3311442e+03
   1.5008805e+03   1.2914184e+03
   1.5406063e+03   1.2364134e+03
   1.5558855e+03   1.1447384e+03
   1.5467180e+03   1.0897334e+03
   1.5253271e+03   1.0469517e+03
