   1.2880042e+03   6.3093236e+02
   1.2160873e+03   6.5250743e+02
   1.1747351e+03   6.9206172e+02
   1.1387766e+03   7.3790874e+02
   1.1064140e+03   7.9454330e+02
   1.0965255e+03   8.4668305e+02
   1.0929296e+03   9.1050929e+02
   1.1207974e+03   9.7793138e+02
   1.1675434e+03   1.0390607e+03
   1.2331676e+03   1.0795140e+03
   1.3356492e+03   1.0903015e+03
   1.4192525e+03   1.0525452e+03
   1.4992601e+03   9.7613346e+02
   1.5334206e+03   8.7634877e+02
   1.5199362e+03   7.6667550e+02
   1.4758871e+03   7.0015237e+02
   1.4318380e+03   6.6689081e+02
   1.3716076e+03   6.4621470e+02
