   1.2704892e+03   6.8329580e+02
   1.2075086e+03   6.9169321e+02
   1.1585237e+03   7.1688544e+02
   1.1151371e+03   7.4767595e+02
   1.0703509e+03   7.8406473e+02
   1.0479578e+03   8.4424618e+02
   1.0395604e+03   9.1142547e+02
   1.0451587e+03   9.8280346e+02
   1.0717505e+03   1.0457840e+03
   1.0997418e+03   1.0821728e+03
   1.1417289e+03   1.1171620e+03
   1.1823164e+03   1.1479525e+03
   1.2424978e+03   1.1703456e+03
   1.3166750e+03   1.1885400e+03
   1.3880530e+03   1.1815422e+03
   1.4454353e+03   1.1241599e+03
   1.4692279e+03   1.0625789e+03
   1.5042171e+03   9.8840173e+02
   1.5182128e+03   9.2961986e+02
   1.5196124e+03   8.5544272e+02
   1.4916210e+03   7.9945998e+02
   1.4384374e+03   7.5047509e+02
   1.3600616e+03   7.0009062e+02
