   1.0719406e+03   6.6387615e+02
   1.0207436e+03   6.7641420e+02
   9.7372594e+02   7.1507318e+02
   9.3715664e+02   7.6522537e+02
   9.1730473e+02   8.1851207e+02
   9.0372185e+02   8.9060584e+02
   9.2043924e+02   9.6060994e+02
   9.5178436e+02   1.0065828e+03
   9.9148818e+02   1.0421072e+03
   1.0656716e+03   1.0609143e+03
   1.1492586e+03   1.0609143e+03
   1.2088143e+03   1.0389727e+03
   1.2735942e+03   1.0180760e+03
   1.3237464e+03   9.4807189e+02
   1.3456880e+03   8.8120230e+02
   1.3530019e+03   8.0179467e+02
   1.3143429e+03   7.3074574e+02
   1.1806037e+03   6.5865197e+02
   1.1252273e+03   6.5656229e+02
