   1.2747487e+03   7.7498246e+02
   1.2258554e+03   8.2081997e+02
   1.1952971e+03   8.6971331e+02
   1.1830737e+03   9.6750000e+02
   1.1983529e+03   1.0591750e+03
   1.2380787e+03   1.1294592e+03
   1.3083629e+03   1.1752967e+03
   1.3817029e+03   1.2058550e+03
   1.4550429e+03   1.1844642e+03
   1.5344946e+03   1.1294592e+03
   1.5833880e+03   1.0683425e+03
   1.5925555e+03   9.7666750e+02
   1.5894996e+03   8.9721582e+02
   1.5742205e+03   8.3915497e+02
   1.5161596e+03   7.8109413e+02
   1.4550429e+03   7.4747996e+02
   1.3603121e+03   7.4442412e+02
