   1.2538813e+03   8.4493550e+02
   1.2436153e+03   8.5828134e+02
   1.2333493e+03   8.8907942e+02
   1.2189768e+03   9.4143616e+02
   1.2138438e+03   9.9995252e+02
   1.2138438e+03   1.0440964e+03
   1.2436153e+03   1.0748945e+03
   1.2898124e+03   1.0892670e+03
   1.3544884e+03   1.0831073e+03
   1.4037653e+03   1.0574423e+03
   1.4263506e+03   1.0215112e+03
   1.4304570e+03   9.6710123e+02
   1.4150580e+03   9.3322334e+02
   1.4088983e+03   9.0550507e+02
   1.3729673e+03   8.7162717e+02
   1.3390894e+03   8.4801531e+02
   1.3021317e+03   8.4082909e+02
