   1.3328096e+03   7.9637330e+02
   1.2930838e+03   8.4832248e+02
   1.2747487e+03   9.0638332e+02
   1.2625254e+03   9.9194667e+02
   1.2808604e+03   1.0683425e+03
   1.3266979e+03   1.1386267e+03
   1.4092054e+03   1.1936317e+03
   1.4978246e+03   1.1997434e+03
   1.6108905e+03   1.1447384e+03
   1.6903422e+03   1.0652867e+03
   1.7056213e+03   9.8277917e+02
   1.7056213e+03   9.0943916e+02
   1.6597838e+03   8.3609914e+02
   1.6139463e+03   7.8109413e+02
   1.5528296e+03   7.4442412e+02
   1.5039363e+03   7.2914495e+02
   1.4214288e+03   7.2608912e+02
   1.3786471e+03   7.4747996e+02
