   1.5783397e+03   8.9875590e+02
   1.5447025e+03   9.0996830e+02
   1.5171812e+03   9.2627724e+02
   1.5039302e+03   9.4156687e+02
   1.4967950e+03   9.6704960e+02
   1.4937371e+03   9.8743578e+02
   1.5029109e+03   1.0129185e+03
   1.5212584e+03   1.0302468e+03
   1.5426639e+03   1.0414592e+03
   1.5875135e+03   1.0373819e+03
   1.6282859e+03   1.0363626e+03
   1.6527493e+03   1.0139378e+03
   1.6680389e+03   9.8131992e+02
   1.6680389e+03   9.4972134e+02
   1.6558072e+03   9.2627724e+02
   1.6282859e+03   9.0589106e+02
