   1.2819395e+03   7.5152667e+02
   1.2439662e+03   7.5369658e+02
   1.1994831e+03   7.7214078e+02
   1.1506602e+03   7.9817966e+02
   1.1094320e+03   8.2530349e+02
   1.0725436e+03   8.6653171e+02
   1.0432498e+03   9.0884488e+02
   1.0291455e+03   9.5332796e+02
   1.0237207e+03   1.0021509e+03
   1.0248056e+03   1.0531437e+03
   1.0367401e+03   1.0976267e+03
   1.0595241e+03   1.1377700e+03
   1.0768834e+03   1.1768283e+03
   1.1072621e+03   1.2006973e+03
   1.1365558e+03   1.2256512e+03
   1.1712743e+03   1.2484352e+03
   1.2298618e+03   1.2614547e+03
   1.2797696e+03   1.2636246e+03
   1.3372722e+03   1.2560299e+03
   1.3904349e+03   1.2430105e+03
   1.4327480e+03   1.2223964e+03
   1.4794010e+03   1.1898478e+03
   1.5162894e+03   1.1464496e+03
   1.5477531e+03   1.0878622e+03
   1.5640274e+03   1.0151703e+03
   1.5629424e+03   9.5875273e+02
   1.5520929e+03   9.0667498e+02
   1.5336487e+03   8.5676713e+02
   1.5054399e+03   8.2204863e+02
   1.4631267e+03   7.8733013e+02
   1.4284082e+03   7.6671602e+02
   1.3253377e+03   7.4827181e+02
