   1.0975104e+03   7.5970329e+02
   1.0638962e+03   7.8720580e+02
   1.0333379e+03   8.3304331e+02
   1.0088912e+03   9.0943916e+02
   1.0058354e+03   9.6444417e+02
   1.0211145e+03   1.0469517e+03
   1.0486170e+03   1.1141800e+03
   1.0913987e+03   1.1691850e+03
   1.1464037e+03   1.2119667e+03
   1.2197437e+03   1.2394692e+03
   1.3389213e+03   1.2241901e+03
   1.4183729e+03   1.1508500e+03
   1.4672663e+03   1.0469517e+03
   1.4917130e+03   9.5527666e+02
   1.5008805e+03   9.2777416e+02
   1.4825455e+03   8.6971331e+02
   1.4458754e+03   7.8720580e+02
   1.3939263e+03   7.2608912e+02
   1.3297538e+03   6.8941911e+02
   1.2839162e+03   6.8025161e+02
   1.2075204e+03   6.9247495e+02
   1.1708504e+03   7.0469828e+02
