   1.3358654e+03   1.3464234e+03
   1.2747487e+03   1.3433676e+03
   1.2472462e+03   1.3189209e+03
   1.2105762e+03   1.2730834e+03
   1.1769621e+03   1.1936317e+03
   1.1891854e+03   1.1050125e+03
   1.2075204e+03   1.0500075e+03
   1.2472462e+03   1.0011142e+03
   1.3022513e+03   9.6444417e+02
   1.3694796e+03   9.4916500e+02
   1.4305963e+03   9.9194667e+02
   1.4703221e+03   1.0377842e+03
   1.5008805e+03   1.0989009e+03
   1.5131038e+03   1.1630734e+03
   1.4978246e+03   1.2272459e+03
   1.4580988e+03   1.2975301e+03
   1.4000379e+03   1.3403117e+03
