   1.3148664e+03   9.3592050e+02
   1.3352033e+03   9.2307611e+02
   1.3598217e+03   9.2307611e+02
   1.3780180e+03   9.3270940e+02
   1.4015660e+03   9.5411672e+02
   1.4144104e+03   9.8301659e+02
   1.4144104e+03   1.0236905e+03
   1.4122697e+03   1.0547311e+03
   1.4037067e+03   1.0847013e+03
   1.3844402e+03   1.1103901e+03
   1.3576810e+03   1.1243048e+03
   1.3191479e+03   1.1307270e+03
   1.2998813e+03   1.1093197e+03
   1.3020220e+03   1.0825606e+03
   1.2988109e+03   1.0483089e+03
   1.2988109e+03   9.9693134e+02
