   1.2399343e+03   9.2359049e+02
   1.2703239e+03   9.2592816e+02
   1.2995447e+03   9.4579830e+02
   1.3275967e+03   9.7385026e+02
   1.3439603e+03   1.0030711e+03
   1.3439603e+03   1.0404737e+03
   1.3392850e+03   1.0883958e+03
   1.3182460e+03   1.1363179e+03
   1.2960382e+03   1.1667075e+03
   1.2551291e+03   1.1772270e+03
   1.2060381e+03   1.1737205e+03
   1.1826615e+03   1.1515127e+03
   1.1592849e+03   1.1152789e+03
   1.1487654e+03   1.0556685e+03
   1.1511030e+03   9.9722690e+02
   1.1826615e+03   9.4930479e+02
