   1.4061496e+03   8.9721582e+02
   1.3603121e+03   8.7888082e+02
   1.2686371e+03   8.6971331e+02
   1.2044646e+03   9.0027165e+02
   1.1341804e+03   9.5222083e+02
   1.1066779e+03   9.9805834e+02
   1.0883429e+03   1.0775100e+03
   1.1005662e+03   1.1477942e+03
   1.1219571e+03   1.2119667e+03
   1.1677946e+03   1.2578042e+03
   1.2227996e+03   1.3036417e+03
   1.2930838e+03   1.3250326e+03
   1.3786471e+03   1.3189209e+03
   1.4580988e+03   1.2791951e+03
   1.5100480e+03   1.1997434e+03
   1.5344946e+03   1.1019567e+03
   1.5192155e+03   1.0377842e+03
   1.4825455e+03   9.7055583e+02
   1.4642105e+03   9.3694166e+02
