   1.2534188e+03   7.5114914e+02
   1.2080203e+03   7.8387826e+02
   1.1531199e+03   8.3666716e+02
   1.1214466e+03   9.0106961e+02
   1.0971637e+03   9.5913740e+02
   1.0971637e+03   1.0531016e+03
   1.1172234e+03   1.0911096e+03
   1.1457294e+03   1.1491774e+03
   1.1837375e+03   1.1998548e+03
   1.2491957e+03   1.2463090e+03
   1.3568850e+03   1.2568668e+03
   1.4540166e+03   1.2304723e+03
   1.5258095e+03   1.1808508e+03
   1.5743753e+03   1.1175041e+03
   1.6123833e+03   1.0362092e+03
   1.6261084e+03   9.4224495e+02
   1.6239969e+03   8.5250382e+02
   1.5669849e+03   7.8598981e+02
   1.4994151e+03   7.4692603e+02
   1.4149528e+03   7.2581047e+02
   1.3304906e+03   7.2686625e+02
