   1.2014087e+03   6.0385576e+02
   1.1555712e+03   6.6497244e+02
   1.1219571e+03   7.4136829e+02
   1.1158454e+03   8.1470830e+02
   1.1341804e+03   8.9721582e+02
   1.1494596e+03   9.4610916e+02
   1.2014087e+03   1.0255608e+03
   1.2472462e+03   1.0744542e+03
   1.3114188e+03   1.1172359e+03
   1.3878146e+03   1.1202917e+03
   1.4886571e+03   1.0438958e+03
   1.5558855e+03   9.5527666e+02
   1.5833880e+03   8.4221081e+02
   1.5925555e+03   7.8720580e+02
   1.5925555e+03   7.1997745e+02
   1.5528296e+03   6.4969327e+02
   1.4978246e+03   5.9468826e+02
   1.4305963e+03   5.6107409e+02
   1.3633679e+03   5.3357158e+02
   1.2747487e+03   5.4885075e+02
