   1.1652940e+03   7.8524563e+02
   1.1239727e+03   8.1215247e+02
   1.0836125e+03   8.4770794e+02
   1.0576666e+03   9.1017024e+02
   1.0394084e+03   9.7263255e+02
   1.0336426e+03   1.0418216e+03
   1.0480570e+03   1.1129325e+03
   1.0749639e+03   1.1744338e+03
   1.1431919e+03   1.2368961e+03
   1.2075761e+03   1.2762954e+03
   1.3075158e+03   1.2820612e+03
   1.4007288e+03   1.2445838e+03
   1.4622301e+03   1.1801996e+03
   1.4766445e+03   1.0841037e+03
   1.4795274e+03   9.7263255e+02
   1.4353233e+03   8.6404423e+02
   1.3709391e+03   7.9197234e+02
   1.3084768e+03   7.7371413e+02
   1.2316001e+03   7.6698742e+02
