   1.1992091e+03   5.2113572e+02
   1.1431489e+03   5.3092401e+02
   1.0995466e+03   5.3982245e+02
   1.0568341e+03   5.5317010e+02
   1.0070028e+03   5.7007714e+02
   9.7140906e+02   6.1812871e+02
   9.4471374e+02   6.4482403e+02
   9.2068795e+02   7.0444358e+02
   9.0734030e+02   7.7385140e+02
   9.2424733e+02   8.3080142e+02
   9.4204421e+02   8.7885299e+02
   9.6873953e+02   9.1533659e+02
   9.9187547e+02   9.6427801e+02
   1.0488255e+03   1.0149991e+03
   1.0977669e+03   1.0497030e+03
   1.1556068e+03   1.0612710e+03
   1.2045482e+03   1.0657202e+03
   1.2588287e+03   1.0390249e+03
   1.2979818e+03   9.9720224e+02
   1.3317959e+03   9.6783739e+02
   1.3771779e+03   9.1711628e+02
   1.4136615e+03   8.6728502e+02
   1.4198904e+03   7.7741078e+02
   1.4083224e+03   7.1423186e+02
   1.3896357e+03   6.6173107e+02
   1.3656099e+03   6.2435762e+02
   1.3415841e+03   6.0478105e+02
   1.3068802e+03   5.6918730e+02
   1.2650576e+03   5.3448338e+02
