   1.2739122e+03   7.9104317e+02
   1.3174271e+03   7.8989804e+02
   1.3655224e+03   7.9562368e+02
   1.4273593e+03   8.3455800e+02
   1.4800351e+03   8.8952410e+02
   1.4937766e+03   9.6968299e+02
   1.4891961e+03   1.0761798e+03
   1.4582777e+03   1.1506131e+03
   1.4124726e+03   1.2147402e+03
   1.3632322e+03   1.2536745e+03
   1.3208624e+03   1.2777222e+03
   1.2155108e+03   1.2697063e+03
   1.1536739e+03   1.2284817e+03
   1.1078688e+03   1.1838218e+03
   1.0723699e+03   1.0773249e+03
   1.0700796e+03   1.0017465e+03
   1.0872565e+03   9.1357177e+02
   1.1284811e+03   8.4829952e+02
   1.1960436e+03   8.0363957e+02
