   1.2716929e+03   8.0248497e+02
   1.2289112e+03   8.2998747e+02
   1.1769621e+03   8.8193665e+02
   1.1494596e+03   9.2777416e+02
   1.1280687e+03   9.7972334e+02
   1.1219571e+03   1.0530634e+03
   1.1280687e+03   1.1141800e+03
   1.1494596e+03   1.1600175e+03
   1.1830737e+03   1.2058550e+03
   1.2350229e+03   1.2425251e+03
   1.2747487e+03   1.2547484e+03
   1.3480888e+03   1.2272459e+03
   1.4336521e+03   1.1630734e+03
   1.4794896e+03   1.0989009e+03
   1.5161596e+03   1.0041700e+03
   1.5069921e+03   9.5833250e+02
   1.4856013e+03   9.0332749e+02
   1.4764338e+03   8.5748998e+02
   1.4367079e+03   8.2998747e+02
   1.4030938e+03   8.1165247e+02
   1.3572563e+03   7.9026163e+02
