   1.1983529e+03   6.5580494e+02
   1.2380787e+03   6.2830243e+02
   1.2716929e+03   6.0385576e+02
   1.3419771e+03   5.7024159e+02
   1.3969821e+03   5.7024159e+02
   1.4611546e+03   6.0079993e+02
   1.4947688e+03   6.1607910e+02
   1.5192155e+03   6.5274910e+02
   1.5344946e+03   7.1080995e+02
   1.5344946e+03   7.6275913e+02
   1.5314388e+03   8.3915497e+02
   1.5161596e+03   9.0943916e+02
   1.4856013e+03   9.7361167e+02
   1.4061496e+03   1.0072258e+03
   1.3358654e+03   1.0225050e+03
   1.2655812e+03   1.0072258e+03
   1.2136321e+03   9.6138833e+02
   1.1708504e+03   9.0638332e+02
   1.1464037e+03   8.4221081e+02
   1.1464037e+03   7.7192663e+02
   1.1647387e+03   7.0775412e+02
