   1.0975104e+03   7.4136829e+02
   1.0669520e+03   7.9026163e+02
   1.0516729e+03   8.3915497e+02
   1.0486170e+03   8.9110415e+02
   1.0516729e+03   9.6444417e+02
   1.0822312e+03   1.0194492e+03
   1.1219571e+03   1.0561192e+03
   1.1952971e+03   1.0805659e+03
   1.2594696e+03   1.0866775e+03
   1.3297538e+03   1.0713984e+03
   1.4061496e+03   1.0286167e+03
   1.4367079e+03   9.6138833e+02
   1.4489313e+03   8.7888082e+02
   1.4489313e+03   8.0554080e+02
   1.4153171e+03   7.5053579e+02
   1.3633679e+03   7.0164245e+02
   1.3144746e+03   6.8636328e+02
   1.2533579e+03   6.7413994e+02
   1.2105762e+03   6.7719578e+02
   1.1586271e+03   6.9858661e+02
