   1.2391988e+03   6.4637281e+02
   1.1642386e+03   6.6326525e+02
   1.1156728e+03   7.1183104e+02
   1.0818879e+03   7.8256816e+02
   1.0766090e+03   8.7653240e+02
   1.1040593e+03   9.6627353e+02
   1.1589597e+03   1.0549589e+03
   1.2254737e+03   1.1056362e+03
   1.3120475e+03   1.1267518e+03
   1.4155138e+03   1.1077478e+03
   1.5041991e+03   1.0306760e+03
   1.5485418e+03   9.3037708e+02
   1.5390398e+03   8.3958017e+02
   1.4862509e+03   7.3822549e+02
   1.4271273e+03   6.7487881e+02
   1.3426651e+03   6.4637281e+02
