   1.4153171e+03   7.9942913e+02
   1.4611546e+03   8.1776414e+02
   1.5008805e+03   8.5748998e+02
   1.5283830e+03   9.0027165e+02
   1.5314388e+03   9.5222083e+02
   1.5253271e+03   1.0102817e+03
   1.5069921e+03   1.0897334e+03
   1.4856013e+03   1.1569617e+03
   1.4244846e+03   1.1783525e+03
   1.3664238e+03   1.1936317e+03
   1.3266979e+03   1.1844642e+03
   1.2839162e+03   1.1569617e+03
   1.2503021e+03   1.1294592e+03
   1.2350229e+03   1.0775100e+03
   1.2319671e+03   1.0194492e+03
   1.2289112e+03   9.6138833e+02
   1.2380787e+03   8.9721582e+02
   1.2655812e+03   8.5443414e+02
   1.2991954e+03   8.0248497e+02
   1.3511446e+03   7.8109413e+02
