   1.2350229e+03   3.8383572e+02
   1.3053071e+03   3.6550072e+02
   1.3694796e+03   3.6550072e+02
   1.4275404e+03   4.0217072e+02
   1.4703221e+03   4.7245490e+02
   1.4917130e+03   5.5801825e+02
   1.4917130e+03   6.8025161e+02
   1.4550429e+03   7.7498246e+02
   1.3847588e+03   8.5443414e+02
   1.2808604e+03   8.9415999e+02
   1.1861296e+03   8.6054581e+02
   1.1311246e+03   8.0248497e+02
   1.0913987e+03   7.1692162e+02
   1.0791754e+03   6.0996743e+02
   1.1097337e+03   5.2745991e+02
   1.1586271e+03   4.4189656e+02
