   1.3542004e+03   6.6191661e+02
   1.3083629e+03   6.8330744e+02
   1.2686371e+03   7.1386578e+02
   1.2319671e+03   7.5970329e+02
   1.2166879e+03   8.3609914e+02
   1.2136321e+03   9.1249499e+02
   1.2503021e+03   9.9805834e+02
   1.2991954e+03   1.0469517e+03
   1.3908704e+03   1.0469517e+03
   1.4672663e+03   1.0011142e+03
   1.5161596e+03   9.2777416e+02
   1.5406063e+03   8.6360165e+02
   1.5344946e+03   7.8720580e+02
   1.5222713e+03   7.4442412e+02
   1.4703221e+03   7.0469828e+02
   1.4244846e+03   6.7413994e+02
