   1.3055051e+03   6.1055363e+02
   1.2397150e+03   6.2849639e+02
   1.1966524e+03   6.8710939e+02
   1.1822982e+03   7.4811475e+02
   1.1822982e+03   8.1629722e+02
   1.2002410e+03   9.2156139e+02
   1.2241647e+03   9.6342781e+02
   1.2373227e+03   1.0100790e+03
   1.2456960e+03   1.0375912e+03
   1.2588540e+03   1.0411798e+03
   1.2684234e+03   1.0519454e+03
   1.3246441e+03   1.0686920e+03
   1.4071808e+03   1.0698882e+03
   1.5028754e+03   1.0579263e+03
   1.5543113e+03   1.0232370e+03
   1.6105320e+03   9.7778202e+02
   1.6476137e+03   9.1079573e+02
   1.6523984e+03   8.2347432e+02
   1.6069434e+03   7.4333002e+02
   1.5339762e+03   6.5840098e+02
   1.4466548e+03   6.1414218e+02
   1.3736876e+03   6.0218035e+02
