   1.0761195e+03   7.8109413e+02
   1.0425054e+03   8.3609914e+02
   1.0241704e+03   9.0943916e+02
   1.0180587e+03   9.8277917e+02
   1.0516729e+03   1.0591750e+03
   1.1036220e+03   1.1202917e+03
   1.1555712e+03   1.1691850e+03
   1.2289112e+03   1.1905759e+03
   1.3266979e+03   1.1783525e+03
   1.4000379e+03   1.1294592e+03
   1.4519871e+03   1.0225050e+03
   1.4642105e+03   9.2777416e+02
   1.4489313e+03   8.3304331e+02
   1.4122613e+03   7.6887079e+02
   1.3603121e+03   7.1692162e+02
   1.3053071e+03   6.8025161e+02
   1.2411346e+03   6.6802827e+02
   1.1769621e+03   6.8636328e+02
   1.1311246e+03   7.1386578e+02
