   1.1281594e+03   7.1946094e+02
   1.0404223e+03   7.4044156e+02
   9.8510970e+02   7.9670778e+02
   9.4791678e+02   8.6060331e+02
   9.2788982e+02   9.4166482e+02
   9.5459243e+02   1.0265410e+03
   1.0099050e+03   1.0980658e+03
   1.0814298e+03   1.1467027e+03
   1.1911013e+03   1.1543321e+03
   1.2712091e+03   1.1247684e+03
   1.3265217e+03   1.0541973e+03
   1.3818342e+03   9.6455277e+02
   1.3856489e+03   8.9302792e+02
   1.3675293e+03   8.2817871e+02
   1.3227070e+03   7.6809784e+02
   1.2445065e+03   7.2136826e+02
