   1.0769536e+03   7.6804319e+02
   1.0212927e+03   7.7310326e+02
   9.7170400e+02   7.8423543e+02
   9.4336758e+02   7.9941566e+02
   8.9883891e+02   8.3382417e+02
   8.7961062e+02   8.6823269e+02
   8.6139435e+02   9.4109778e+02
   8.7050249e+02   9.9574660e+02
   8.9479085e+02   1.0422993e+03
   9.2312728e+02   1.0939121e+03
   9.6360788e+02   1.1151644e+03
   1.0202807e+03   1.1445128e+03
   1.0901098e+03   1.1526089e+03
   1.1639869e+03   1.1171884e+03
   1.2044675e+03   1.0625396e+03
   1.2317919e+03   1.0089028e+03
   1.2540562e+03   9.5627801e+02
   1.2459601e+03   8.8037687e+02
   1.2085155e+03   8.2269201e+02
   1.1477946e+03   7.8929551e+02
