   1.1649636e+03   6.4890623e+02
   1.1302868e+03   6.5107353e+02
   1.0696022e+03   6.8575041e+02
   1.0349254e+03   7.1609267e+02
   9.9808119e+02   7.7460989e+02
   9.8291006e+02   8.3312712e+02
   9.8291006e+02   9.0031356e+02
   9.9591388e+02   9.8483844e+02
   1.0197542e+03   1.0498576e+03
   1.0826061e+03   1.0932037e+03
   1.1281195e+03   1.1105421e+03
   1.2039751e+03   1.1105421e+03
   1.2733289e+03   1.0606941e+03
   1.3296788e+03   1.0216826e+03
   1.3491845e+03   9.8700574e+02
   1.3773595e+03   9.0248086e+02
   1.3773595e+03   8.3312712e+02
   1.3686903e+03   7.9628294e+02
   1.3383480e+03   7.4426763e+02
   1.2711616e+03   6.9441963e+02
   1.2213136e+03   6.5324084e+02
