   1.1952971e+03   1.0194492e+03
   1.1952971e+03   1.0622309e+03
   1.2075204e+03   1.1080684e+03
   1.2319671e+03   1.1386267e+03
   1.2625254e+03   1.1630734e+03
   1.3083629e+03   1.1875200e+03
   1.3694796e+03   1.1844642e+03
   1.4275404e+03   1.1477942e+03
   1.4550429e+03   1.1264034e+03
   1.4856013e+03   1.0744542e+03
   1.5039363e+03   1.0041700e+03
   1.5008805e+03   9.6750000e+02
   1.4917130e+03   9.3694166e+02
   1.4336521e+03   8.2998747e+02
   1.3878146e+03   7.9026163e+02
   1.3266979e+03   7.8414996e+02
   1.2839162e+03   8.0248497e+02
   1.2380787e+03   8.3915497e+02
   1.2136321e+03   8.7276915e+02
   1.1983529e+03   9.2166249e+02
