   1.3878146e+03   8.1470830e+02
   1.3389213e+03   8.3304331e+02
   1.2839162e+03   8.6971331e+02
   1.2594696e+03   9.2166249e+02
   1.2411346e+03   9.7972334e+02
   1.2411346e+03   1.0500075e+03
   1.2655812e+03   1.1264034e+03
   1.3144746e+03   1.1997434e+03
   1.3847588e+03   1.2425251e+03
   1.4489313e+03   1.2486367e+03
   1.5222713e+03   1.2364134e+03
   1.5925555e+03   1.1691850e+03
   1.6353372e+03   1.0927892e+03
   1.6445047e+03   1.0072258e+03
   1.6445047e+03   9.3694166e+02
   1.6200580e+03   8.7888082e+02
   1.5650530e+03   8.2387581e+02
   1.4947688e+03   7.9942913e+02
   1.4428196e+03   7.9942913e+02
