   1.0363937e+03   6.9553078e+02
   9.9361203e+02   7.2914495e+02
   9.5999785e+02   7.8414996e+02
   9.3249535e+02   8.6360165e+02
   9.3249535e+02   9.3999749e+02
   9.7527702e+02   1.0133375e+03
   1.0394495e+03   1.0438958e+03
   1.1280687e+03   1.0500075e+03
   1.2258554e+03   1.0286167e+03
   1.3053071e+03   9.5527666e+02
   1.3450329e+03   8.3915497e+02
   1.3511446e+03   8.0859664e+02
   1.3236421e+03   7.4442412e+02
   1.2808604e+03   6.9553078e+02
   1.2472462e+03   6.7719578e+02
   1.1677946e+03   6.6191661e+02
   1.1158454e+03   6.6191661e+02
