   1.3514659e+03   6.5109406e+02
   1.2926176e+03   6.7802461e+02
   1.2527205e+03   7.2091399e+02
   1.2337694e+03   7.6480080e+02
   1.2188080e+03   8.0968504e+02
   1.2078363e+03   8.5855899e+02
   1.2078363e+03   9.1840465e+02
   1.2357643e+03   9.8124258e+02
   1.2726691e+03   1.0271242e+03
   1.3085765e+03   1.0700136e+03
   1.3684221e+03   1.1079159e+03
   1.4472189e+03   1.1218799e+03
   1.5060671e+03   1.1059210e+03
   1.5659128e+03   1.0510625e+03
   1.6117944e+03   9.8523229e+02
   1.6377276e+03   9.1740722e+02
   1.6357327e+03   8.0469791e+02
   1.6008227e+03   7.1592685e+02
   1.5449668e+03   6.7104261e+02
   1.4651726e+03   6.3613265e+02
