   1.1891854e+03   6.3135827e+02
   1.1372362e+03   6.6191661e+02
   1.0913987e+03   7.0469828e+02
   1.0577845e+03   7.7803830e+02
   1.0577845e+03   8.4221081e+02
   1.0730637e+03   9.1860666e+02
   1.1097337e+03   9.7361167e+02
   1.1402921e+03   1.0133375e+03
   1.1769621e+03   1.0500075e+03
   1.2411346e+03   1.0683425e+03
   1.3236421e+03   1.0622309e+03
   1.3755913e+03   1.0163933e+03
   1.4030938e+03   9.6750000e+02
   1.4428196e+03   9.3999749e+02
   1.4642105e+03   8.7276915e+02
   1.4733780e+03   7.9942913e+02
   1.4519871e+03   7.2608912e+02
   1.4183729e+03   6.8025161e+02
   1.3542004e+03   6.4663744e+02
   1.3053071e+03   6.3135827e+02
   1.2503021e+03   6.1607910e+02
