   1.0577845e+03   7.3220079e+02
   1.0088912e+03   7.6581496e+02
   9.8444452e+02   8.3609914e+02
   9.8444452e+02   9.1860666e+02
   1.0027795e+03   1.0041700e+03
   1.0516729e+03   1.0836217e+03
   1.1311246e+03   1.1447384e+03
   1.1830737e+03   1.1691850e+03
   1.2472462e+03   1.1539059e+03
   1.2808604e+03   1.1294592e+03
   1.3297538e+03   1.0744542e+03
   1.3664238e+03   9.9194667e+02
   1.3694796e+03   8.8193665e+02
   1.3480888e+03   8.0554080e+02
   1.2991954e+03   7.4136829e+02
   1.2503021e+03   7.0164245e+02
   1.1830737e+03   6.9858661e+02
   1.1433479e+03   6.9858661e+02
