   1.3389213e+03   9.8277917e+02
   1.2900279e+03   1.0163933e+03
   1.2350229e+03   1.0286167e+03
   1.1555712e+03   1.0072258e+03
   1.0944545e+03   9.4305333e+02
   1.0516729e+03   8.6054581e+02
   1.0272262e+03   7.5970329e+02
   1.0486170e+03   6.6191661e+02
   1.0883429e+03   5.8857659e+02
   1.1341804e+03   5.3662742e+02
   1.2289112e+03   4.9995741e+02
   1.3144746e+03   4.9384574e+02
   1.3878146e+03   5.3968325e+02
   1.4428196e+03   6.3746994e+02
   1.4672663e+03   7.3831245e+02
   1.4458754e+03   8.2693164e+02
   1.4000379e+03   9.1249499e+02
