   1.0822312e+03   7.8414996e+02
   1.0455612e+03   8.6360165e+02
   1.0302820e+03   9.1249499e+02
   1.0547287e+03   1.0286167e+03
   1.0822312e+03   1.0989009e+03
   1.1311246e+03   1.1569617e+03
   1.2014087e+03   1.1844642e+03
   1.2839162e+03   1.1783525e+03
   1.3572563e+03   1.1447384e+03
   1.4000379e+03   1.0591750e+03
   1.4397638e+03   9.0943916e+02
   1.4183729e+03   8.3915497e+02
   1.3542004e+03   7.7192663e+02
   1.2991954e+03   7.2608912e+02
   1.2350229e+03   6.9858661e+02
   1.1494596e+03   7.1997745e+02
