   1.1290012e+03   7.3874444e+02
   1.0791335e+03   7.7732136e+02
   1.0396156e+03   8.3001179e+02
   1.0207976e+03   8.9117033e+02
   1.0207976e+03   9.8243769e+02
   1.0433792e+03   1.0530052e+03
   1.0781926e+03   1.1113411e+03
   1.1148877e+03   1.1743814e+03
   1.1845143e+03   1.1997857e+03
   1.2456729e+03   1.2073129e+03
   1.3171813e+03   1.1922585e+03
   1.3698717e+03   1.1442726e+03
   1.4178577e+03   1.0671187e+03
   1.4423211e+03   9.7491048e+02
   1.4404393e+03   8.7987952e+02
   1.3980988e+03   8.0460748e+02
   1.3397629e+03   7.4721254e+02
   1.2635500e+03   7.1616282e+02
