   1.2930838e+03   7.5359162e+02
   1.3572563e+03   7.4136829e+02
   1.4214288e+03   7.7192663e+02
   1.4580988e+03   8.1470830e+02
   1.4794896e+03   8.8193665e+02
   1.4733780e+03   9.7361167e+02
   1.4397638e+03   1.0622309e+03
   1.3694796e+03   1.1233475e+03
   1.2655812e+03   1.1600175e+03
   1.2105762e+03   1.1416825e+03
   1.1494596e+03   1.0927892e+03
   1.1189012e+03   1.0408400e+03
   1.1066779e+03   9.9194667e+02
   1.1066779e+03   9.3388583e+02
   1.1158454e+03   8.9415999e+02
   1.1341804e+03   8.6054581e+02
   1.1769621e+03   8.1776414e+02
   1.2289112e+03   7.8109413e+02
