   1.4305963e+03   1.0286167e+03
   1.4611546e+03   9.9194667e+02
   1.4611546e+03   9.3694166e+02
   1.4458754e+03   8.7276915e+02
   1.4092054e+03   8.3304331e+02
   1.3664238e+03   8.2081997e+02
   1.2961396e+03   8.1776414e+02
   1.2258554e+03   8.3304331e+02
   1.1677946e+03   8.6054581e+02
   1.1402921e+03   8.8804832e+02
   1.1372362e+03   9.5527666e+02
   1.1586271e+03   1.0102817e+03
   1.1952971e+03   1.0530634e+03
   1.2533579e+03   1.0836217e+03
   1.3236421e+03   1.0927892e+03
   1.3847588e+03   1.0713984e+03
