   1.3488747e+03   7.0958077e+02
   1.2897037e+03   7.3002165e+02
   1.2176227e+03   7.6660007e+02
   1.1670584e+03   8.4083275e+02
   1.1509209e+03   9.2689962e+02
   1.1702859e+03   1.0097390e+03
   1.2047127e+03   1.0764408e+03
   1.2757179e+03   1.1506735e+03
   1.3617847e+03   1.1732661e+03
   1.4725958e+03   1.1625077e+03
   1.5522077e+03   1.0958059e+03
   1.5877103e+03   1.0011323e+03
   1.5898619e+03   9.0323123e+02
   1.5522077e+03   8.3545357e+02
   1.4833542e+03   7.6444840e+02
   1.4220315e+03   7.2356663e+02
