   1.2692196e+03   5.8211439e+02
   1.1920096e+03   6.2873170e+02
   1.1526763e+03   6.8117618e+02
   1.1337380e+03   7.7441081e+02
   1.1293676e+03   8.7055902e+02
   1.1555899e+03   9.3902820e+02
   1.2036640e+03   9.8710230e+02
   1.2823307e+03   1.0308060e+03
   1.3726517e+03   1.0453739e+03
   1.4717135e+03   1.0133245e+03
   1.5387259e+03   9.5068253e+02
   1.5780593e+03   8.7201581e+02
   1.5853432e+03   8.0500342e+02
   1.5780593e+03   7.4964536e+02
   1.5503803e+03   6.6806506e+02
   1.5052197e+03   6.1853416e+02
   1.4586024e+03   5.8357118e+02
   1.3857629e+03   5.7046006e+02
