   1.4336521e+03   6.8941911e+02
   1.3755913e+03   6.1607910e+02
   1.3083629e+03   5.6107409e+02
   1.2380787e+03   5.3968325e+02
   1.1525154e+03   5.3662742e+02
   1.0822312e+03   5.7635326e+02
   1.0211145e+03   6.1302326e+02
   9.8138869e+02   7.0775412e+02
   9.7527702e+02   7.9637330e+02
   9.9055619e+02   8.8499248e+02
   1.0027795e+03   9.3082999e+02
   1.0302820e+03   9.7666750e+02
   1.0944545e+03   1.0316725e+03
   1.1677946e+03   1.0652867e+03
   1.2472462e+03   1.0469517e+03
   1.3511446e+03   9.6750000e+02
   1.3969821e+03   9.0027165e+02
   1.4275404e+03   8.2693164e+02
