   1.5171812e+03   7.5095610e+02
   1.4621385e+03   7.8663191e+02
   1.4060765e+03   8.4473252e+02
   1.3704007e+03   9.0181382e+02
   1.3540918e+03   9.9660956e+02
   1.3734586e+03   1.0699998e+03
   1.4019993e+03   1.1189266e+03
   1.4529647e+03   1.1586797e+03
   1.5171812e+03   1.1862010e+03
   1.5997452e+03   1.2045486e+03
   1.6823092e+03   1.1760079e+03
   1.7373519e+03   1.1250425e+03
   1.7934139e+03   1.0506329e+03
   1.8015684e+03   9.4156687e+02
   1.7842401e+03   8.4269390e+02
   1.7200237e+03   7.7745813e+02
   1.6507107e+03   7.4789817e+02
   1.5936294e+03   7.4280163e+02
