   1.2961396e+03   7.4136829e+02
   1.2411346e+03   7.5053579e+02
   1.1800179e+03   7.8720580e+02
   1.1464037e+03   8.7276915e+02
   1.1219571e+03   9.6444417e+02
   1.1097337e+03   1.0408400e+03
   1.1525154e+03   1.1294592e+03
   1.1983529e+03   1.1966875e+03
   1.2716929e+03   1.2486367e+03
   1.3450329e+03   1.2455809e+03
   1.4580988e+03   1.2058550e+03
   1.5131038e+03   1.1386267e+03
   1.5467180e+03   1.0775100e+03
   1.5650530e+03   9.9500251e+02
   1.5619971e+03   9.1555082e+02
   1.5131038e+03   8.4832248e+02
   1.4580988e+03   7.9942913e+02
   1.3878146e+03   7.5359162e+02
