   1.4153171e+03   5.1829241e+02
   1.3725354e+03   5.4273908e+02
   1.3297538e+03   6.1302326e+02
   1.2961396e+03   7.1386578e+02
   1.2900279e+03   7.9637330e+02
   1.3083629e+03   8.9415999e+02
   1.3450329e+03   9.3999749e+02
   1.4214288e+03   9.8889084e+02
   1.5192155e+03   1.0011142e+03
   1.5986671e+03   9.5527666e+02
   1.6628397e+03   8.6665748e+02
   1.6995097e+03   7.3831245e+02
   1.6811747e+03   6.4358160e+02
   1.6322813e+03   5.5801825e+02
   1.5467180e+03   5.0606908e+02
   1.4825455e+03   4.9384574e+02
