   1.0869407e+03   7.4426763e+02
   1.0197542e+03   7.6377337e+02
   9.4823318e+02   8.1578868e+02
   9.1138901e+02   8.6997129e+02
   8.7887944e+02   9.6099809e+02
   8.8754866e+02   1.0563595e+03
   9.2222553e+02   1.1257132e+03
   9.8507736e+02   1.1755612e+03
   1.0457619e+03   1.1972343e+03
   1.1367887e+03   1.2059035e+03
   1.2256482e+03   1.1842305e+03
   1.2733289e+03   1.1322151e+03
   1.3101730e+03   1.0715306e+03
   1.3210096e+03   1.0000096e+03
   1.3253442e+03   9.1981930e+02
   1.2776635e+03   8.3529442e+02
   1.2299828e+03   7.9628294e+02
   1.1671309e+03   7.4860224e+02
