   1.3664238e+03   7.3525662e+02
   1.3144746e+03   7.3831245e+02
   1.2503021e+03   7.3831245e+02
   1.2227996e+03   7.5970329e+02
   1.1891854e+03   8.1165247e+02
   1.1800179e+03   8.5748998e+02
   1.1800179e+03   9.2471832e+02
   1.2044646e+03   9.9805834e+02
   1.2472462e+03   1.0438958e+03
   1.2900279e+03   1.0683425e+03
   1.3480888e+03   1.0622309e+03
   1.4061496e+03   1.0163933e+03
   1.4397638e+03   9.5222083e+02
   1.4489313e+03   8.8499248e+02
   1.4489313e+03   8.1776414e+02
   1.4336521e+03   7.7803830e+02
   1.4214288e+03   7.5359162e+02
