   1.3192632e+03   7.7999587e+02
   1.2732849e+03   7.9569579e+02
   1.2396422e+03   8.1812423e+02
   1.2116067e+03   8.5400974e+02
   1.1925425e+03   9.0559516e+02
   1.1712355e+03   9.5269489e+02
   1.1667498e+03   1.0087660e+03
   1.1846926e+03   1.0794156e+03
   1.2183352e+03   1.1242725e+03
   1.2351566e+03   1.1545509e+03
   1.2766492e+03   1.1724936e+03
   1.3192632e+03   1.1848293e+03
   1.3719701e+03   1.1702508e+03
   1.4089770e+03   1.1410938e+03
   1.4392554e+03   1.1040869e+03
   1.4504696e+03   1.0491372e+03
   1.4414982e+03   9.6166627e+02
   1.4358911e+03   8.8316672e+02
   1.4123413e+03   8.3382414e+02
   1.3764558e+03   8.0018147e+02
