   1.2475797e+03   5.8113670e+02
   1.1869244e+03   6.1002016e+02
   1.1233808e+03   6.6874986e+02
   1.0771673e+03   7.3421904e+02
   1.0502094e+03   7.9872543e+02
   1.0453955e+03   8.8152468e+02
   1.0636883e+03   9.5951002e+02
   1.1108646e+03   1.0442348e+03
   1.1734455e+03   1.1087412e+03
   1.2764631e+03   1.1164435e+03
   1.3775552e+03   1.0981506e+03
   1.4420616e+03   1.0259420e+03
   1.4969402e+03   9.4699385e+02
   1.5287120e+03   8.4493896e+02
   1.5190842e+03   7.3614460e+02
   1.4853868e+03   6.6489873e+02
   1.4343594e+03   6.2638745e+02
   1.3708158e+03   5.8883896e+02
   1.3159372e+03   5.7921114e+02
