   1.1779675e+03   6.7491388e+02
   1.1151156e+03   6.9441963e+02
   1.0631003e+03   7.3343111e+02
   9.8941197e+02   8.1795599e+02
   9.7207353e+02   9.1331739e+02
   9.7207353e+02   9.7400191e+02
   9.9374658e+02   1.0411884e+03
   1.0219215e+03   1.0997056e+03
   1.0934426e+03   1.1278805e+03
   1.1476252e+03   1.1278805e+03
   1.2213136e+03   1.0975383e+03
   1.2711616e+03   1.0195153e+03
   1.2993365e+03   9.5016156e+02
   1.3210096e+03   8.8297512e+02
   1.3080057e+03   8.0711946e+02
   1.2841654e+03   7.3776572e+02
   1.2516558e+03   6.9875423e+02
