   1.4361655e+03   7.7539479e+02
   1.4632765e+03   7.9217783e+02
   1.4852236e+03   8.4252695e+02
   1.5058796e+03   8.9804008e+02
   1.5007156e+03   9.5484422e+02
   1.4684406e+03   1.0026113e+03
   1.4051814e+03   1.0181034e+03
   1.3548323e+03   1.0168124e+03
   1.3173932e+03   1.0077753e+03
   1.2928641e+03   9.7937328e+02
   1.2825361e+03   9.3677017e+02
   1.2864091e+03   8.9674908e+02
   1.2941551e+03   8.5285497e+02
   1.3173932e+03   8.1670689e+02
   1.3367582e+03   7.8055880e+02
   1.3754883e+03   7.7152178e+02
