   1.4153171e+03   1.0347283e+03
   1.4672663e+03   1.0072258e+03
   1.5131038e+03   9.6138833e+02
   1.5528296e+03   8.9415999e+02
   1.5803321e+03   8.4221081e+02
   1.5833880e+03   7.4442412e+02
   1.5436621e+03   6.8636328e+02
   1.4917130e+03   6.3135827e+02
   1.4336521e+03   5.7940909e+02
   1.3603121e+03   5.7329742e+02
   1.2900279e+03   5.9774409e+02
   1.2227996e+03   6.4969327e+02
   1.1677946e+03   7.2303329e+02
   1.1555712e+03   7.9942913e+02
   1.1525154e+03   8.6360165e+02
   1.1739062e+03   9.3388583e+02
   1.2258554e+03   9.8277917e+02
   1.2839162e+03   1.0163933e+03
   1.3389213e+03   1.0286167e+03
