   1.0822312e+03   6.6191661e+02
   1.0486170e+03   6.9553078e+02
   1.0241704e+03   7.4136829e+02
   1.0211145e+03   8.0248497e+02
   1.0272262e+03   8.8193665e+02
   1.0516729e+03   9.3082999e+02
   1.0975104e+03   9.7361167e+02
   1.1464037e+03   1.0011142e+03
   1.2105762e+03   1.0163933e+03
   1.3022513e+03   9.8889084e+02
   1.3755913e+03   9.3388583e+02
   1.4092054e+03   8.2387581e+02
   1.4092054e+03   7.4747996e+02
   1.3725354e+03   6.7719578e+02
   1.3205863e+03   6.3746994e+02
   1.2564137e+03   6.0996743e+02
   1.1952971e+03   6.1302326e+02
   1.1464037e+03   6.1607910e+02
