   1.3730249e+03   8.0711946e+02
   1.3101730e+03   8.0711946e+02
   1.2386520e+03   8.1578868e+02
   1.1909713e+03   8.4829825e+02
   1.1476252e+03   9.0248086e+02
   1.1129483e+03   9.4365965e+02
   1.1042791e+03   1.0086788e+03
   1.1107810e+03   1.1105421e+03
   1.1367887e+03   1.1777285e+03
   1.1758002e+03   1.2210746e+03
   1.2104770e+03   1.2340785e+03
   1.2603250e+03   1.2514169e+03
   1.3383480e+03   1.2514169e+03
   1.4033671e+03   1.2189073e+03
   1.4488805e+03   1.1647247e+03
   1.4770555e+03   1.1148767e+03
   1.5008958e+03   1.0541922e+03
   1.5204016e+03   9.9134035e+02
   1.5073978e+03   9.3065582e+02
   1.4878920e+03   8.6997129e+02
   1.4575498e+03   8.3529442e+02
