   1.1983529e+03   7.4136829e+02
   1.2503021e+03   6.8636328e+02
   1.3358654e+03   6.5274910e+02
   1.4030938e+03   6.6191661e+02
   1.4794896e+03   6.9553078e+02
   1.5406063e+03   7.5359162e+02
   1.5711646e+03   8.2693164e+02
   1.5711646e+03   9.3082999e+02
   1.5436621e+03   1.0591750e+03
   1.4764338e+03   1.1050125e+03
   1.3817029e+03   1.1386267e+03
   1.2869721e+03   1.1233475e+03
   1.2197437e+03   1.0622309e+03
   1.1769621e+03   9.9194667e+02
   1.1586271e+03   9.0027165e+02
   1.1525154e+03   8.0859664e+02
