   1.2043819e+03   7.3806823e+02
   1.2756807e+03   7.5560071e+02
   1.3399664e+03   7.9417216e+02
   1.3925639e+03   8.6196441e+02
   1.4042522e+03   9.4845797e+02
   1.3820444e+03   1.0513152e+03
   1.3329534e+03   1.1424841e+03
   1.2242521e+03   1.2056010e+03
   1.1459403e+03   1.1939127e+03
   1.0606156e+03   1.1600165e+03
   1.0045117e+03   1.1004061e+03
   9.6710904e+02   1.0337827e+03
   9.5775838e+02   9.4845797e+02
   9.7879736e+02   8.6663974e+02
   1.0290571e+03   8.0001632e+02
   1.1062000e+03   7.4625005e+02
