   1.3039429e+03   7.4071387e+02
   1.2294058e+03   7.7155683e+02
   1.1728604e+03   8.0754029e+02
   1.1188852e+03   8.9107331e+02
   1.0970381e+03   9.8231707e+02
   1.1137447e+03   1.0491435e+03
   1.1535835e+03   1.1159699e+03
   1.2242653e+03   1.1673748e+03
   1.3065132e+03   1.1995029e+03
   1.3990421e+03   1.1866517e+03
   1.4517321e+03   1.1391021e+03
   1.4915710e+03   1.0838418e+03
   1.5262693e+03   9.9388318e+02
   1.5095627e+03   8.4095349e+02
   1.4800048e+03   7.9211881e+02
   1.3926165e+03   7.6384609e+02
