   1.3408700e+03   6.5678101e+02
   1.2779081e+03   6.7058088e+02
   1.2313335e+03   7.1198051e+02
   1.1968338e+03   7.7235496e+02
   1.1847589e+03   8.4911677e+02
   1.2002838e+03   9.3277851e+02
   1.2330585e+03   9.8366555e+02
   1.2658332e+03   1.0224777e+03
   1.3339701e+03   1.0543899e+03
   1.4202193e+03   1.0656023e+03
   1.4840437e+03   1.0345526e+03
   1.5582180e+03   9.8194056e+02
   1.5875428e+03   9.0862873e+02
   1.5746054e+03   8.2065452e+02
   1.5418307e+03   7.4734269e+02
   1.4987061e+03   6.9645565e+02
   1.4512690e+03   6.6540593e+02
   1.4090069e+03   6.5074356e+02
   1.3857196e+03   6.5505602e+02
