   1.2255804e+03   7.1641805e+02
   1.1948589e+03   7.1471130e+02
   1.1649908e+03   7.1385793e+02
   1.1376828e+03   7.2580518e+02
   1.0975742e+03   7.4372605e+02
   1.0753864e+03   7.7188742e+02
   1.0753864e+03   7.9919542e+02
   1.0796533e+03   8.3077029e+02
   1.1009877e+03   8.5978504e+02
   1.1410963e+03   8.8623967e+02
   1.1922988e+03   8.9050654e+02
   1.2289939e+03   8.6746542e+02
   1.2511817e+03   8.5466479e+02
   1.2895836e+03   8.3759729e+02
   1.3100646e+03   8.2394329e+02
   1.3203051e+03   7.8639480e+02
   1.2981173e+03   7.5225980e+02
   1.2716627e+03   7.3263218e+02
