   1.3939263e+03   9.2471832e+02
   1.4061496e+03   1.0072258e+03
   1.3939263e+03   1.0469517e+03
   1.3358654e+03   1.1325150e+03
   1.2380787e+03   1.1936317e+03
   1.1341804e+03   1.1966875e+03
   1.0577845e+03   1.1661292e+03
   9.9972369e+02   1.1080684e+03
   9.6916535e+02   1.0102817e+03
   9.7222119e+02   9.0943916e+02
   1.0150029e+03   8.2387581e+02
   1.0730637e+03   7.7803830e+02
   1.1402921e+03   7.5053579e+02
   1.2136321e+03   7.5359162e+02
   1.2930838e+03   7.8720580e+02
   1.3511446e+03   8.4221081e+02
