   1.3666221e+03   7.5376377e+02
   1.3189042e+03   7.9414044e+02
   1.2675158e+03   8.8345852e+02
   1.2626216e+03   9.6665893e+02
   1.2687393e+03   1.0192710e+03
   1.2699628e+03   1.0608712e+03
   1.2993277e+03   1.1049184e+03
   1.2993277e+03   1.1049184e+03
   1.3250219e+03   1.1477422e+03
   1.3629515e+03   1.1893424e+03
   1.4167871e+03   1.2284955e+03
   1.4999875e+03   1.2529662e+03
   1.6113292e+03   1.2040248e+03
   1.7116591e+03   1.0828948e+03
   1.7287886e+03   9.5931772e+02
   1.6810707e+03   8.5287014e+02
   1.6260116e+03   7.8190508e+02
   1.5428112e+03   7.3908134e+02
   1.4559402e+03   7.3418720e+02
