   1.1464037e+03   7.5970329e+02
   1.0913987e+03   7.9026163e+02
   1.0486170e+03   8.5443414e+02
   1.0394495e+03   9.4916500e+02
   1.0455612e+03   1.0286167e+03
   1.0608404e+03   1.0866775e+03
   1.1005662e+03   1.1630734e+03
   1.1464037e+03   1.2058550e+03
   1.2105762e+03   1.2394692e+03
   1.2930838e+03   1.2364134e+03
   1.3878146e+03   1.1875200e+03
   1.4550429e+03   1.1050125e+03
   1.4886571e+03   9.7666750e+02
   1.4672663e+03   8.4221081e+02
   1.3878146e+03   7.6275913e+02
   1.2991954e+03   7.1692162e+02
   1.2166879e+03   7.1997745e+02
