   1.3440888e+03   7.0318068e+02
   1.3679523e+03   7.2600664e+02
   1.3928534e+03   7.6647083e+02
   1.4001162e+03   8.1108520e+02
   1.3887032e+03   8.4739922e+02
   1.3544643e+03   8.8060061e+02
   1.3191878e+03   8.9720131e+02
   1.2600478e+03   9.0135148e+02
   1.2154334e+03   8.8371324e+02
   1.1915699e+03   8.6815009e+02
   1.1687440e+03   8.2768590e+02
   1.1791194e+03   7.9552205e+02
   1.1946826e+03   7.5609540e+02
   1.2226963e+03   7.2393155e+02
   1.2579727e+03   7.0421822e+02
   1.3015496e+03   6.8554244e+02
