   1.4672663e+03   7.9331747e+02
   1.4550429e+03   8.8193665e+02
   1.4367079e+03   9.1860666e+02
   1.3908704e+03   9.8277917e+02
   1.3114188e+03   1.0530634e+03
   1.1830737e+03   1.0744542e+03
   1.0913987e+03   1.0408400e+03
   1.0302820e+03   9.4916500e+02
   1.0272262e+03   8.4832248e+02
   1.0516729e+03   7.4442412e+02
   1.0913987e+03   6.8330744e+02
   1.1494596e+03   6.3746994e+02
   1.2289112e+03   6.0691160e+02
   1.3236421e+03   6.1607910e+02
   1.3878146e+03   6.3441410e+02
   1.4367079e+03   6.9553078e+02
