   1.3328096e+03   7.5664746e+02
   1.3114188e+03   7.8414996e+02
   1.2900279e+03   8.1165247e+02
   1.2594696e+03   8.4832248e+02
   1.2533579e+03   9.5527666e+02
   1.2778046e+03   1.0438958e+03
   1.3175304e+03   1.0897334e+03
   1.3786471e+03   1.1233475e+03
   1.4672663e+03   1.1355709e+03
   1.5558855e+03   1.1172359e+03
   1.6231138e+03   1.0469517e+03
   1.6445047e+03   9.7055583e+02
   1.6475605e+03   8.8499248e+02
   1.6231138e+03   8.2081997e+02
   1.5864438e+03   7.6275913e+02
   1.5131038e+03   7.2608912e+02
   1.4458754e+03   7.1692162e+02
   1.4000379e+03   7.1997745e+02
