   9.9972369e+02   8.7276915e+02
   9.9361203e+02   9.3388583e+02
   9.9361203e+02   1.0133375e+03
   1.0119470e+03   1.1111242e+03
   1.0638962e+03   1.1875200e+03
   1.0913987e+03   1.2394692e+03
   1.1525154e+03   1.2730834e+03
   1.2258554e+03   1.2975301e+03
   1.2900279e+03   1.2822509e+03
   1.3511446e+03   1.2241901e+03
   1.3939263e+03   1.1294592e+03
   1.3939263e+03   1.0194492e+03
   1.3878146e+03   9.0943916e+02
   1.3542004e+03   8.0859664e+02
   1.3083629e+03   7.5664746e+02
   1.2411346e+03   7.2608912e+02
   1.1433479e+03   7.1997745e+02
   1.0638962e+03   7.4747996e+02
