   1.1150083e+03   8.7267864e+02
   1.1887825e+03   8.3989011e+02
   1.2898805e+03   8.2486203e+02
   1.3650209e+03   8.5218581e+02
   1.3650209e+03   8.5218581e+02
   1.4510908e+03   8.9727003e+02
   1.4797807e+03   9.9836800e+02
   1.4743160e+03   1.1103955e+03
   1.4469922e+03   1.2087611e+03
   1.3568237e+03   1.2798029e+03
   1.2297682e+03   1.2852676e+03
   1.1109098e+03   1.2593100e+03
   1.0439665e+03   1.2019301e+03
   9.9888230e+02   1.1213250e+03
   1.0002485e+03   1.0161284e+03
   1.0466989e+03   9.3279094e+02
