   1.1845834e+03   8.1242819e+02
   1.1201372e+03   8.3288731e+02
   1.0648975e+03   8.6664485e+02
   1.0260252e+03   9.1676969e+02
   9.9738246e+02   1.0067898e+03
   9.9533654e+02   1.0968099e+03
   1.0157957e+03   1.1786464e+03
   1.0587598e+03   1.2512763e+03
   1.1180912e+03   1.2942404e+03
   1.2070884e+03   1.3065159e+03
   1.2817642e+03   1.2809420e+03
   1.3441645e+03   1.2390008e+03
   1.3983812e+03   1.1571643e+03
   1.4413453e+03   1.0681672e+03
   1.4178173e+03   9.5871088e+02
   1.3656466e+03   8.7073667e+02
   1.2848331e+03   8.3084139e+02
