   1.2149109e+03   6.7172537e+02
   1.3014628e+03   6.8134225e+02
   1.3954945e+03   7.2087831e+02
   1.4382362e+03   7.8071667e+02
   1.5429533e+03   9.1428444e+02
   1.5621871e+03   9.9228801e+02
   1.5450904e+03   1.0841826e+03
   1.5151712e+03   1.1525693e+03
   1.4393047e+03   1.2113391e+03
   1.3367247e+03   1.2551494e+03
   1.2288019e+03   1.2519437e+03
   1.1272904e+03   1.2198875e+03
   1.0695891e+03   1.1600491e+03
   1.0140249e+03   1.0852512e+03
   9.9158556e+02   9.9335655e+02
   9.8944848e+02   9.0253047e+02
   1.0054766e+03   8.2132127e+02
   1.0492868e+03   7.5827729e+02
   1.0941656e+03   7.3583790e+02
