   1.5016040e+03   8.0922358e+02
   1.5743124e+03   8.0922358e+02
   1.6380917e+03   8.3090855e+02
   1.7095245e+03   8.9086111e+02
   1.7643748e+03   9.7122304e+02
   1.7733039e+03   1.0911282e+03
   1.7465165e+03   1.1842460e+03
   1.6814616e+03   1.2595055e+03
   1.6074776e+03   1.2901196e+03
   1.5143598e+03   1.2735370e+03
   1.4378247e+03   1.2288915e+03
   1.3880768e+03   1.1638366e+03
   1.3638407e+03   1.0885770e+03
   1.3498092e+03   9.8270332e+02
   1.3804233e+03   9.0616814e+02
   1.4327223e+03   8.4111324e+02
