   1.1756650e+03   7.9777339e+02
   1.1263588e+03   8.1294450e+02
   1.0723118e+03   8.5371686e+02
   1.0334358e+03   9.1250491e+02
   1.0201611e+03   9.7603394e+02
   1.0239539e+03   1.0594750e+03
   1.0419696e+03   1.1239523e+03
   1.0846383e+03   1.1694656e+03
   1.1434263e+03   1.2092898e+03
   1.1993698e+03   1.2377356e+03
   1.3065158e+03   1.2320464e+03
   1.3766822e+03   1.1874813e+03
   1.4288329e+03   1.1068848e+03
   1.4288329e+03   1.0177545e+03
   1.4089208e+03   9.2483144e+02
   1.3728894e+03   8.6888797e+02
   1.3084122e+03   8.0630714e+02
   1.2458313e+03   7.9398062e+02
