   1.2075204e+03   1.1569617e+03
   1.2686371e+03   1.1691850e+03
   1.3572563e+03   1.1539059e+03
   1.4305963e+03   1.0897334e+03
   1.4856013e+03   9.9500251e+02
   1.5008805e+03   8.8193665e+02
   1.4978246e+03   8.0248497e+02
   1.4305963e+03   7.3220079e+02
   1.3511446e+03   6.8636328e+02
   1.2686371e+03   6.7413994e+02
   1.1739062e+03   7.0164245e+02
   1.0791754e+03   7.5970329e+02
   1.0486170e+03   8.8804832e+02
   1.0516729e+03   9.9805834e+02
   1.1189012e+03   1.0989009e+03
   1.1402921e+03   1.1264034e+03
