   1.4947688e+03   8.5137831e+02
   1.4519871e+03   7.9331747e+02
   1.3786471e+03   7.4442412e+02
   1.3236421e+03   7.3525662e+02
   1.2472462e+03   7.4442412e+02
   1.1677946e+03   7.7803830e+02
   1.1097337e+03   8.3304331e+02
   1.0883429e+03   9.2471832e+02
   1.0944545e+03   1.0041700e+03
   1.1616829e+03   1.0866775e+03
   1.2441904e+03   1.1080684e+03
   1.2900279e+03   1.1416825e+03
   1.3542004e+03   1.1508500e+03
   1.4305963e+03   1.1355709e+03
   1.4978246e+03   1.0591750e+03
   1.5283830e+03   9.7972334e+02
   1.5314388e+03   9.1555082e+02
