   1.3551897e+03   7.4374315e+02
   1.3039416e+03   7.5545700e+02
   1.2556220e+03   7.8181315e+02
   1.2029097e+03   8.1402623e+02
   1.1663039e+03   8.9016624e+02
   1.1501974e+03   9.6484202e+02
   1.1604470e+03   1.0424463e+03
   1.2029097e+03   1.1273717e+03
   1.2775855e+03   1.1830124e+03
   1.3727605e+03   1.2005832e+03
   1.4650070e+03   1.1712986e+03
   1.5440755e+03   1.1185863e+03
   1.6055732e+03   1.0468390e+03
   1.6187513e+03   9.6337779e+02
   1.6246082e+03   8.9455893e+02
   1.5836097e+03   8.2866854e+02
   1.5265047e+03   7.7888469e+02
   1.4562216e+03   7.3935046e+02
