   9.5999785e+02   4.6634323e+02
   9.1721618e+02   5.1218074e+02
   8.8971367e+02   5.7940909e+02
   9.0499284e+02   6.7413994e+02
   9.2027201e+02   7.5359162e+02
   9.5999785e+02   8.2693164e+02
   1.0272262e+03   8.8804832e+02
   1.1066779e+03   8.9721582e+02
   1.2075204e+03   8.7276915e+02
   1.2839162e+03   7.8109413e+02
   1.3297538e+03   6.8025161e+02
   1.3266979e+03   5.9774409e+02
   1.2808604e+03   4.9690157e+02
   1.2166879e+03   4.3578490e+02
   1.1464037e+03   4.0522656e+02
   1.0516729e+03   4.0522656e+02
