   1.1036074e+03   7.7240745e+02
   1.1186180e+03   7.1129268e+02
   1.1518559e+03   6.7054949e+02
   1.1979600e+03   6.3838382e+02
   1.2601470e+03   6.1586785e+02
   1.3105399e+03   6.1586785e+02
   1.3930984e+03   6.3302288e+02
   1.4660073e+03   6.7912701e+02
   1.5196167e+03   7.3809740e+02
   1.5464215e+03   8.1958377e+02
   1.5421327e+03   8.9785357e+02
   1.5067505e+03   9.9113401e+02
   1.4402747e+03   1.0608263e+03
   1.3759434e+03   1.0887032e+03
   1.2955292e+03   1.1144357e+03
   1.2161872e+03   1.0983529e+03
   1.1529281e+03   1.0790535e+03
   1.1186180e+03   1.0458157e+03
   1.0800192e+03   9.9327839e+02
   1.0692973e+03   9.2573048e+02
   1.0725139e+03   8.3030566e+02
