   1.2118823e+03   8.1605796e+02
   1.2703239e+03   8.0904496e+02
   1.3568175e+03   8.4644759e+02
   1.4292850e+03   8.8618787e+02
   1.4737007e+03   9.5047363e+02
   1.4853890e+03   1.0521620e+03
   1.4737007e+03   1.1550192e+03
   1.4269474e+03   1.2415128e+03
   1.3638305e+03   1.3046297e+03
   1.3135707e+03   1.3478765e+03
   1.2422719e+03   1.3583960e+03
   1.1511030e+03   1.3221622e+03
   1.0891550e+03   1.2613829e+03
   1.0587653e+03   1.2169673e+03
   1.0388952e+03   1.1444997e+03
   1.0400640e+03   1.0720321e+03
   1.0435705e+03   9.7618793e+02
   1.0809731e+03   9.0021385e+02
   1.1452589e+03   8.3125277e+02
