   1.2425429e+03   7.7081750e+02
   1.1814355e+03   7.9153190e+02
   1.1327566e+03   8.4538934e+02
   1.0933993e+03   8.9717534e+02
   1.0716491e+03   9.5206850e+02
   1.0592205e+03   1.0204260e+03
   1.0757920e+03   1.1281409e+03
   1.1161851e+03   1.1809626e+03
   1.1555425e+03   1.2286057e+03
   1.2259714e+03   1.2472487e+03
   1.3191862e+03   1.2472487e+03
   1.3813294e+03   1.1996056e+03
   1.4424369e+03   1.1436767e+03
   1.4714371e+03   1.0825692e+03
   1.4849014e+03   9.9867590e+02
   1.4766157e+03   9.2410406e+02
   1.4331154e+03   8.5056794e+02
   1.3782223e+03   8.0188910e+02
   1.3119362e+03   7.7806754e+02
