   1.3175304e+03   7.1997745e+02
   1.2655812e+03   7.0164245e+02
   1.2136321e+03   6.8941911e+02
   1.1525154e+03   7.0775412e+02
   1.0883429e+03   7.4136829e+02
   1.0425054e+03   8.1470830e+02
   1.0394495e+03   9.0943916e+02
   1.0608404e+03   9.7972334e+02
   1.0975104e+03   1.0377842e+03
   1.1341804e+03   1.0775100e+03
   1.1922412e+03   1.0927892e+03
   1.2747487e+03   1.0866775e+03
   1.3511446e+03   1.0561192e+03
   1.4030938e+03   9.9805834e+02
   1.4275404e+03   9.0332749e+02
   1.4244846e+03   8.1776414e+02
   1.3939263e+03   7.5970329e+02
