   1.1638965e+03   7.1287072e+02
   1.1708000e+03   6.8755757e+02
   1.1961132e+03   6.4613607e+02
   1.2639984e+03   6.0011217e+02
   1.3664016e+03   6.1506994e+02
   1.4526964e+03   6.4153368e+02
   1.5136781e+03   6.7375041e+02
   1.5550996e+03   7.5084043e+02
   1.5746597e+03   8.1527389e+02
   1.5896175e+03   9.3378542e+02
   1.5539490e+03   1.0695559e+03
   1.4952685e+03   1.1305376e+03
   1.4572988e+03   1.2064770e+03
   1.3917147e+03   1.2294890e+03
   1.2835586e+03   1.2478985e+03
   1.2064686e+03   1.2110794e+03
   1.1316797e+03   1.1581519e+03
   1.0660957e+03   1.0684053e+03
   1.0557403e+03   9.1767706e+02
   1.0753005e+03   8.2908106e+02
   1.1098184e+03   7.7270178e+02
   1.1477881e+03   7.4163565e+02
