   1.2715414e+03   3.5222470e+02
   1.2223739e+03   3.6861388e+02
   1.1579878e+03   4.2597599e+02
   1.1006257e+03   4.8333810e+02
   1.0456049e+03   6.0508626e+02
   1.0456049e+03   6.9405607e+02
   1.0690180e+03   7.9004981e+02
   1.1228682e+03   8.8253158e+02
   1.2212032e+03   9.0945665e+02
   1.3265622e+03   9.0711534e+02
   1.4085081e+03   8.5560651e+02
   1.4483104e+03   8.0409767e+02
   1.4951366e+03   7.0576262e+02
   1.5091845e+03   6.0508626e+02
   1.4927953e+03   5.1377514e+02
   1.4506517e+03   4.2129337e+02
   1.3897776e+03   3.7329650e+02
   1.3242209e+03   3.4988339e+02
