   1.3094552e+03   7.4578401e+02
   1.2421626e+03   7.7462371e+02
   1.1808782e+03   8.1908491e+02
   1.1328121e+03   8.9839408e+02
   1.1388203e+03   1.0209628e+03
   1.1652567e+03   1.1158935e+03
   1.2037097e+03   1.1891943e+03
   1.2457676e+03   1.2420671e+03
   1.2986403e+03   1.2925366e+03
   1.3995793e+03   1.3057548e+03
   1.4897033e+03   1.2709068e+03
   1.5389711e+03   1.2084208e+03
   1.5774241e+03   1.1255067e+03
   1.5990538e+03   1.0486008e+03
   1.6002555e+03   9.5607347e+02
   1.5666092e+03   8.6715107e+02
   1.5221480e+03   7.9865679e+02
   1.4500487e+03   7.4938898e+02
   1.3947727e+03   7.2896086e+02
