   1.1260105e+03   6.4468755e+02
   1.2170046e+03   5.9919050e+02
   1.3361636e+03   6.0785660e+02
   1.4271577e+03   6.6418629e+02
   1.4661552e+03   7.4651430e+02
   1.4639886e+03   8.7650589e+02
   1.4271577e+03   1.0021644e+03
   1.3556623e+03   1.0606606e+03
   1.2776674e+03   1.1104907e+03
   1.1888398e+03   1.0974916e+03
   1.1065118e+03   1.0758263e+03
   1.0588482e+03   1.0216632e+03
   1.0220172e+03   9.7183305e+02
   1.0090181e+03   8.8733852e+02
   1.0241838e+03   8.0067746e+02
   1.0458490e+03   7.1184987e+02
