   1.4122613e+03   1.0561192e+03
   1.4794896e+03   9.8277917e+02
   1.5100480e+03   8.9110415e+02
   1.5100480e+03   8.0554080e+02
   1.4856013e+03   7.3220079e+02
   1.4458754e+03   6.6802827e+02
   1.3847588e+03   6.2830243e+02
   1.3175304e+03   6.2830243e+02
   1.2655812e+03   6.5274910e+02
   1.2319671e+03   6.6191661e+02
   1.1677946e+03   7.2303329e+02
   1.1311246e+03   7.7803830e+02
   1.1311246e+03   8.2693164e+02
   1.1372362e+03   8.7582498e+02
   1.1555712e+03   9.4305333e+02
   1.1952971e+03   1.0011142e+03
   1.2411346e+03   1.0438958e+03
   1.3022513e+03   1.0744542e+03
