   1.2334543e+03   6.3786020e+02
   1.2922186e+03   6.3786020e+02
   1.3493948e+03   6.4580133e+02
   1.4256296e+03   6.6168359e+02
   1.4796293e+03   6.9821278e+02
   1.5161585e+03   7.3633019e+02
   1.5304525e+03   8.0621212e+02
   1.5368054e+03   8.7450581e+02
   1.5240996e+03   9.6027000e+02
   1.4955115e+03   1.0476224e+03
   1.4192767e+03   1.1095632e+03
   1.3446301e+03   1.1238572e+03
   1.2556895e+03   1.1286219e+03
   1.1635724e+03   1.1000338e+03
   1.1222785e+03   1.0396813e+03
   1.1016316e+03   9.7932870e+02
   1.0825729e+03   9.0944678e+02
   1.0762200e+03   8.2844727e+02
   1.0936904e+03   7.5856535e+02
   1.1238667e+03   7.0615390e+02
   1.1572195e+03   6.6803649e+02
