   1.1784276e+03   7.1927568e+02
   1.1191689e+03   7.3167867e+02
   1.0640445e+03   7.6613142e+02
   1.0364823e+03   7.8818118e+02
   1.0130544e+03   8.3641503e+02
   1.0034077e+03   8.8051455e+02
   9.9238278e+02   9.2737029e+02
   9.9927333e+02   9.7560415e+02
   9.9927333e+02   1.0376191e+03
   1.0144325e+03   1.0927435e+03
   1.0461291e+03   1.1216838e+03
   1.0736913e+03   1.1644052e+03
   1.1288157e+03   1.2057485e+03
   1.1729152e+03   1.2319326e+03
   1.2335520e+03   1.2429575e+03
   1.2900545e+03   1.2402013e+03
   1.3313978e+03   1.2402013e+03
   1.3562038e+03   1.2181515e+03
   1.3989252e+03   1.1823207e+03
   1.4278656e+03   1.1423555e+03
   1.4595621e+03   1.0996340e+03
   1.4705870e+03   1.0610470e+03
   1.4857462e+03   9.9076336e+02
   1.4816118e+03   9.2461407e+02
   1.4623183e+03   8.6259912e+02
   1.4485372e+03   8.1160905e+02
   1.4264874e+03   7.8404685e+02
   1.4030596e+03   7.4683788e+02
   1.3617163e+03   7.2065379e+02
   1.3052138e+03   7.0549458e+02
   1.2431988e+03   7.0549458e+02
