   1.2930838e+03   7.5970329e+02
   1.2380787e+03   7.8720580e+02
   1.1922412e+03   8.2693164e+02
   1.1677946e+03   8.6971331e+02
   1.1464037e+03   9.4305333e+02
   1.1464037e+03   1.0255608e+03
   1.1800179e+03   1.1019567e+03
   1.2289112e+03   1.1752967e+03
   1.2747487e+03   1.2333576e+03
   1.3450329e+03   1.2700276e+03
   1.4214288e+03   1.2822509e+03
   1.5100480e+03   1.2364134e+03
   1.5619971e+03   1.1447384e+03
   1.5894996e+03   1.0530634e+03
   1.5925555e+03   9.6750000e+02
   1.5681088e+03   8.8193665e+02
   1.5283830e+03   8.0554080e+02
   1.4733780e+03   7.6275913e+02
   1.4000379e+03   7.3831245e+02
