   1.2527682e+03   8.5870392e+02
   1.2492399e+03   8.8457869e+02
   1.2551205e+03   9.2221471e+02
   1.2727624e+03   9.5985073e+02
   1.2715863e+03   1.0033674e+03
   1.2809953e+03   1.0457079e+03
   1.2809953e+03   1.0845201e+03
   1.3033417e+03   1.1174516e+03
   1.3503867e+03   1.1350935e+03
   1.3797898e+03   1.1115710e+03
   1.4033123e+03   1.0821678e+03
   1.4115452e+03   1.0445318e+03
   1.4115452e+03   1.0116003e+03
   1.4115452e+03   9.7984487e+02
   1.3939033e+03   9.4103272e+02
   1.3762614e+03   8.9869220e+02
   1.3550912e+03   8.7281743e+02
   1.3233358e+03   8.5399942e+02
   1.2892281e+03   8.5047104e+02
