   1.2625254e+03   8.0248497e+02
   1.2136321e+03   8.3915497e+02
   1.1708504e+03   9.0332749e+02
   1.1586271e+03   9.7666750e+02
   1.1647387e+03   1.0652867e+03
   1.2105762e+03   1.1722409e+03
   1.2808604e+03   1.2303017e+03
   1.3450329e+03   1.2639159e+03
   1.4458754e+03   1.2364134e+03
   1.5222713e+03   1.1661292e+03
   1.5772763e+03   1.0652867e+03
   1.5772763e+03   9.7055583e+02
   1.5406063e+03   8.8499248e+02
   1.4947688e+03   8.2081997e+02
   1.4183729e+03   7.9026163e+02
   1.3328096e+03   7.8109413e+02
