   1.3256769e+03   6.6482753e+02
   1.3893408e+03   6.6000450e+02
   1.4530048e+03   6.8508424e+02
   1.5465715e+03   7.3042070e+02
   1.5841911e+03   8.0565992e+02
   1.5986602e+03   9.0404967e+02
   1.6034832e+03   1.0130501e+03
   1.5726158e+03   1.1191567e+03
   1.5369254e+03   1.1943959e+03
   1.4751907e+03   1.2570953e+03
   1.3642611e+03   1.2705997e+03
   1.2784112e+03   1.2522722e+03
   1.2012428e+03   1.1963251e+03
   1.1491541e+03   1.1191567e+03
   1.1240743e+03   1.0313776e+03
   1.1269681e+03   9.1080191e+02
   1.1452956e+03   8.2591663e+02
   1.1896675e+03   7.4874820e+02
   1.2417562e+03   6.9858872e+02
