   1.2044646e+03   6.8941911e+02
   1.1494596e+03   6.7108411e+02
   1.1189012e+03   6.4052577e+02
   1.0822312e+03   5.9468826e+02
   1.0791754e+03   5.3968325e+02
   1.0700079e+03   4.9078991e+02
   1.0700079e+03   4.4800823e+02
   1.0913987e+03   3.5938905e+02
   1.1066779e+03   2.9521653e+02
   1.1555712e+03   2.1576485e+02
   1.2197437e+03   1.8826235e+02
   1.3083629e+03   2.1882069e+02
   1.3786471e+03   2.7688153e+02
   1.4122613e+03   3.5938905e+02
   1.4122613e+03   4.7856657e+02
   1.3908704e+03   5.7940909e+02
   1.3389213e+03   6.4663744e+02
   1.2808604e+03   6.7719578e+02
