   1.3954963e+03   7.5011915e+02
   1.3514326e+03   7.8830767e+02
   1.3044314e+03   8.2943378e+02
   1.2848475e+03   8.8524778e+02
   1.2642845e+03   9.6260403e+02
   1.2603677e+03   1.0154805e+03
   1.2799516e+03   1.0663985e+03
   1.3161817e+03   1.1231917e+03
   1.3690581e+03   1.1457131e+03
   1.4464144e+03   1.1574634e+03
   1.5100619e+03   1.1545259e+03
   1.5766470e+03   1.1447339e+03
   1.6451906e+03   1.0977327e+03
   1.6990462e+03   1.0184180e+03
   1.7078589e+03   9.3616582e+02
   1.6853375e+03   8.5195522e+02
   1.6305027e+03   7.9124525e+02
   1.5668551e+03   7.5305673e+02
   1.4943948e+03   7.3738964e+02
