   1.2353700e+03   9.2376866e+02
   1.1783325e+03   9.5724721e+02
   1.1349343e+03   1.0229644e+03
   1.1014558e+03   1.1122405e+03
   1.1014558e+03   1.2052365e+03
   1.1225349e+03   1.2932727e+03
   1.1857721e+03   1.3379108e+03
   1.2552091e+03   1.3602298e+03
   1.3606046e+03   1.3664296e+03
   1.4461609e+03   1.3180716e+03
   1.5007186e+03   1.2300354e+03
   1.5279974e+03   1.1345596e+03
   1.5093982e+03   1.0514831e+03
   1.4746797e+03   9.8948582e+02
   1.4052427e+03   9.3988796e+02
   1.3358057e+03   9.1756892e+02
