   1.4856013e+03   8.3915497e+02
   1.4550429e+03   8.6971331e+02
   1.4275404e+03   9.2777416e+02
   1.4183729e+03   9.7972334e+02
   1.4367079e+03   1.0347283e+03
   1.4611546e+03   1.0897334e+03
   1.5131038e+03   1.1233475e+03
   1.5772763e+03   1.1416825e+03
   1.6597838e+03   1.1202917e+03
   1.7147888e+03   1.0469517e+03
   1.7514588e+03   9.7361167e+02
   1.7545147e+03   8.7888082e+02
   1.7117330e+03   8.1165247e+02
   1.6475605e+03   7.8720580e+02
   1.5772763e+03   7.8720580e+02
   1.5253271e+03   8.0248497e+02
