   1.2841831e+03   5.6484648e+02
   1.3545829e+03   5.8707799e+02
   1.4277616e+03   6.3617258e+02
   1.4796351e+03   7.0379343e+02
   1.4870457e+03   8.3996143e+02
   1.4611089e+03   9.4185586e+02
   1.4027512e+03   1.0280030e+03
   1.3091936e+03   1.0946975e+03
   1.2035939e+03   1.1067396e+03
   1.1044784e+03   1.0520871e+03
   1.0535312e+03   9.9650832e+02
   1.0081419e+03   8.3255093e+02
   1.0201839e+03   7.5937220e+02
   1.0488996e+03   6.9082505e+02
   1.1211520e+03   6.2505682e+02
   1.1850676e+03   5.7133067e+02
