   1.2747487e+03   6.9858661e+02
   1.3664238e+03   6.6497244e+02
   1.4611546e+03   6.8941911e+02
   1.5375505e+03   7.4442412e+02
   1.5650530e+03   7.9026163e+02
   1.5650530e+03   8.7582498e+02
   1.5497738e+03   9.6750000e+02
   1.5161596e+03   1.0377842e+03
   1.4672663e+03   1.1172359e+03
   1.3786471e+03   1.1661292e+03
   1.3083629e+03   1.1539059e+03
   1.2533579e+03   1.1294592e+03
   1.1922412e+03   1.0713984e+03
   1.1464037e+03   1.0072258e+03
   1.1311246e+03   9.1555082e+02
   1.1464037e+03   8.3609914e+02
   1.1891854e+03   7.6581496e+02
