   1.1967329e+03   5.9299621e+02
   1.1485801e+03   6.1160070e+02
   1.0872947e+03   6.4662090e+02
   1.0500858e+03   6.8164111e+02
   1.0358588e+03   7.1994446e+02
   1.0336700e+03   7.6481411e+02
   1.0325757e+03   8.1406127e+02
   1.0446139e+03   8.7972417e+02
   1.0643127e+03   9.2349943e+02
   1.0938610e+03   9.6180278e+02
   1.1201262e+03   1.0132387e+03
   1.1628071e+03   1.0548252e+03
   1.2306587e+03   1.0767128e+03
   1.3160205e+03   1.0635803e+03
   1.3707396e+03   1.0187106e+03
   1.4134204e+03   9.2568819e+02
   1.4287418e+03   8.4908148e+02
   1.4287418e+03   7.8122983e+02
   1.4199867e+03   7.2869952e+02
   1.3970047e+03   6.7616920e+02
   1.3488519e+03   6.2692204e+02
   1.2985104e+03   5.9409059e+02
