   1.2704463e+03   6.9542817e+02
   1.3173688e+03   6.9308205e+02
   1.3713297e+03   6.9308205e+02
   1.4205983e+03   7.1771636e+02
   1.4628285e+03   7.5056211e+02
   1.5097510e+03   7.9983074e+02
   1.5566735e+03   8.6669530e+02
   1.5601927e+03   9.5467499e+02
   1.5379045e+03   1.0250587e+03
   1.5050588e+03   1.0860580e+03
   1.4569632e+03   1.1364997e+03
   1.3877525e+03   1.1564417e+03
   1.3150227e+03   1.1552687e+03
   1.2364275e+03   1.1400189e+03
   1.1777743e+03   1.1165576e+03
   1.1378902e+03   1.0778466e+03
   1.1097367e+03   1.0356163e+03
   1.0886216e+03   9.6288643e+02
   1.0933138e+03   8.9602187e+02
   1.1120828e+03   8.4675324e+02
   1.1531400e+03   7.7519643e+02
   1.1988895e+03   7.2592780e+02
