   1.3604927e+03   7.4969928e+02
   1.3054063e+03   7.7256536e+02
   1.2617529e+03   8.0478573e+02
   1.2336900e+03   8.5363598e+02
   1.2160207e+03   9.0040749e+02
   1.2160207e+03   9.5757267e+02
   1.2284931e+03   1.0500763e+03
   1.2711072e+03   1.1134777e+03
   1.3272330e+03   1.1664854e+03
   1.4301303e+03   1.2070207e+03
   1.5538150e+03   1.1997452e+03
   1.6380037e+03   1.1519343e+03
   1.6754209e+03   1.0594306e+03
   1.6660666e+03   9.9083241e+02
   1.6515155e+03   9.4510026e+02
   1.6140983e+03   8.5363598e+02
   1.5621299e+03   7.9335269e+02
   1.5028860e+03   7.6009295e+02
   1.4436421e+03   7.4346308e+02
