   1.1869036e+03   7.9677707e+02
   1.2191131e+03   7.9677707e+02
   1.2764861e+03   7.9778361e+02
   1.3308395e+03   8.1590142e+02
   1.3791537e+03   8.4710431e+02
   1.4002911e+03   8.9743155e+02
   1.4053239e+03   9.5883078e+02
   1.3952584e+03   1.0091580e+03
   1.3600293e+03   1.0514329e+03
   1.2956105e+03   1.0816292e+03
   1.2362243e+03   1.0816292e+03
   1.1798578e+03   1.0665311e+03
   1.1285240e+03   1.0453936e+03
   1.0943015e+03   1.0282824e+03
   1.0761837e+03   9.9204676e+02
   1.0681314e+03   9.4876533e+02
   1.0600790e+03   9.0045118e+02
   1.0802099e+03   8.5817630e+02
   1.1335568e+03   8.1590142e+02
