   1.2533579e+03   7.6887079e+02
   1.2136321e+03   7.9026163e+02
   1.1647387e+03   8.4221081e+02
   1.1280687e+03   9.0332749e+02
   1.1005662e+03   9.6138833e+02
   1.1005662e+03   1.0316725e+03
   1.1341804e+03   1.0897334e+03
   1.1800179e+03   1.1569617e+03
   1.2319671e+03   1.2027992e+03
   1.2961396e+03   1.2303017e+03
   1.3847588e+03   1.2303017e+03
   1.4703221e+03   1.1936317e+03
   1.5314388e+03   1.1447384e+03
   1.5833880e+03   1.0775100e+03
   1.6078346e+03   9.8277917e+02
   1.6017230e+03   9.0027165e+02
   1.5894996e+03   8.5443414e+02
   1.5650530e+03   8.1470830e+02
   1.5100480e+03   7.7803830e+02
   1.4519871e+03   7.5053579e+02
   1.3725354e+03   7.2914495e+02
   1.3083629e+03   7.3525662e+02
