   1.2227996e+03   7.9026163e+02
   1.1708504e+03   8.3304331e+02
   1.1372362e+03   8.8804832e+02
   1.1341804e+03   9.7361167e+02
   1.1402921e+03   1.0622309e+03
   1.1677946e+03   1.1233475e+03
   1.2044646e+03   1.1691850e+03
   1.2747487e+03   1.2089109e+03
   1.3725354e+03   1.1905759e+03
   1.4428196e+03   1.1233475e+03
   1.4917130e+03   1.0316725e+03
   1.5131038e+03   9.2777416e+02
   1.5008805e+03   8.3915497e+02
   1.4642105e+03   7.8109413e+02
   1.4122613e+03   7.5970329e+02
   1.3297538e+03   7.4442412e+02
   1.2930838e+03   7.5053579e+02
