   1.1433479e+03   8.2998747e+02
   1.1066779e+03   8.6665748e+02
   1.0791754e+03   9.1860666e+02
   1.0638962e+03   9.8277917e+02
   1.0577845e+03   1.0438958e+03
   1.0700079e+03   1.1050125e+03
   1.1005662e+03   1.1691850e+03
   1.1402921e+03   1.2241901e+03
   1.1983529e+03   1.2486367e+03
   1.2900279e+03   1.2486367e+03
   1.3755913e+03   1.2119667e+03
   1.4367079e+03   1.1416825e+03
   1.4764338e+03   1.0591750e+03
   1.4764338e+03   9.4916500e+02
   1.4642105e+03   8.8804832e+02
   1.4030938e+03   8.1470830e+02
   1.3297538e+03   7.7192663e+02
   1.2503021e+03   7.5970329e+02
