   1.2589016e+03   7.3167730e+02
   1.1857629e+03   7.5361888e+02
   1.1303866e+03   7.9332270e+02
   1.0875482e+03   8.4451972e+02
   1.0718757e+03   9.2601703e+02
   1.0865034e+03   1.0148282e+03
   1.1251624e+03   1.0816978e+03
   1.1794939e+03   1.1015497e+03
   1.2400945e+03   1.1339396e+03
   1.2745741e+03   1.1590157e+03
   1.3665198e+03   1.1694641e+03
   1.4532413e+03   1.1287155e+03
   1.5117522e+03   1.0461733e+03
   1.5368283e+03   9.6154150e+02
   1.5044383e+03   8.4765423e+02
   1.4448826e+03   7.8182949e+02
   1.3654750e+03   7.4003600e+02
