   1.4092054e+03   1.1783525e+03
   1.4764338e+03   1.1386267e+03
   1.5253271e+03   1.0897334e+03
   1.5681088e+03   1.0255608e+03
   1.5833880e+03   9.4916500e+02
   1.5742205e+03   8.8193665e+02
   1.5344946e+03   8.2387581e+02
   1.4764338e+03   7.8720580e+02
   1.3664238e+03   7.6581496e+02
   1.3022513e+03   7.9026163e+02
   1.2380787e+03   8.3609914e+02
   1.1922412e+03   9.1249499e+02
   1.1861296e+03   9.9194667e+02
   1.2136321e+03   1.0897334e+03
   1.2716929e+03   1.1477942e+03
   1.3083629e+03   1.1752967e+03
