   1.1647387e+03   7.2608912e+02
   1.1311246e+03   7.5053579e+02
   1.0944545e+03   7.9026163e+02
   1.0730637e+03   8.4526664e+02
   1.0547287e+03   9.1860666e+02
   1.0669520e+03   1.0102817e+03
   1.1372362e+03   1.0836217e+03
   1.2044646e+03   1.1477942e+03
   1.2778046e+03   1.1814084e+03
   1.3878146e+03   1.1783525e+03
   1.4642105e+03   1.0958450e+03
   1.5192155e+03   1.0347283e+03
   1.5742205e+03   9.2166249e+02
   1.5742205e+03   8.6054581e+02
   1.5528296e+03   7.9331747e+02
   1.5192155e+03   7.2914495e+02
   1.4458754e+03   6.8941911e+02
   1.4000379e+03   6.6497244e+02
   1.3480888e+03   6.4969327e+02
   1.2564137e+03   6.7413994e+02
