   1.2136321e+03   8.0248497e+02
   1.2778046e+03   7.7192663e+02
   1.3542004e+03   7.7803830e+02
   1.4275404e+03   8.2081997e+02
   1.4856013e+03   8.8193665e+02
   1.5161596e+03   9.9500251e+02
   1.4947688e+03   1.0989009e+03
   1.4489313e+03   1.2027992e+03
   1.3786471e+03   1.2761392e+03
   1.2808604e+03   1.2791951e+03
   1.2227996e+03   1.2486367e+03
   1.1555712e+03   1.1752967e+03
   1.1066779e+03   1.0927892e+03
   1.0975104e+03   9.9194667e+02
   1.1280687e+03   9.1555082e+02
   1.1616829e+03   8.6054581e+02
