   1.3989714e+03   8.8122878e+02
   1.3563574e+03   8.7898593e+02
   1.3103791e+03   9.0029295e+02
   1.2879506e+03   9.4402842e+02
   1.2733721e+03   9.8888531e+02
   1.2722507e+03   1.0326208e+03
   1.2823435e+03   1.0651420e+03
   1.3014077e+03   1.0920561e+03
   1.3227147e+03   1.1077561e+03
   1.3608431e+03   1.1167274e+03
   1.4012143e+03   1.0942990e+03
   1.4370998e+03   1.0673849e+03
   1.4572854e+03   1.0225280e+03
   1.4572854e+03   9.7318540e+02
   1.4561639e+03   9.3954273e+02
   1.4415855e+03   9.1150717e+02
