   1.2197437e+03   6.0079993e+02
   1.1677946e+03   6.3746994e+02
   1.1097337e+03   6.9247495e+02
   1.0761195e+03   7.5664746e+02
   1.0577845e+03   8.2387581e+02
   1.0669520e+03   9.1860666e+02
   1.0913987e+03   9.8583500e+02
   1.1189012e+03   1.0377842e+03
   1.1861296e+03   1.0897334e+03
   1.2564137e+03   1.1019567e+03
   1.3572563e+03   1.0866775e+03
   1.4244846e+03   1.0347283e+03
   1.4733780e+03   9.6444417e+02
   1.5008805e+03   8.6665748e+02
   1.5100480e+03   8.0248497e+02
   1.5069921e+03   7.3525662e+02
   1.4672663e+03   6.6802827e+02
   1.4030938e+03   6.0996743e+02
   1.3358654e+03   5.8246492e+02
   1.2839162e+03   5.7635326e+02
