   1.1845122e+03   5.6290505e+02
   1.2441537e+03   5.6290505e+02
   1.3015012e+03   5.8125626e+02
   1.3542609e+03   6.0878307e+02
   1.4001389e+03   6.5236719e+02
   1.4242249e+03   7.0512691e+02
   1.4379883e+03   7.8082565e+02
   1.4334005e+03   8.5078963e+02
   1.4070206e+03   9.2075361e+02
   1.3749060e+03   9.7007248e+02
   1.3427914e+03   1.0182444e+03
   1.2900317e+03   1.0515060e+03
   1.2280964e+03   1.0687102e+03
   1.1638671e+03   1.0572407e+03
   1.1019318e+03   1.0297139e+03
   1.0491721e+03   9.8612979e+02
   1.0067349e+03   9.2992921e+02
   9.7117944e+02   8.7258169e+02
   9.5970994e+02   8.2785062e+02
   9.5856299e+02   7.6132749e+02
   9.7691420e+02   6.9939216e+02
   1.0113227e+03   6.4089769e+02
   1.0537599e+03   6.1107697e+02
   1.1179891e+03   5.8010931e+02
