   1.2353869e+03   7.2723689e+02
   1.3003473e+03   7.2039895e+02
   1.3778440e+03   7.4091277e+02
   1.4416647e+03   7.6256624e+02
   1.4963683e+03   8.1271114e+02
   1.5271390e+03   8.9362676e+02
   1.5282786e+03   9.8479930e+02
   1.4929493e+03   1.0885081e+03
   1.4564803e+03   1.1454909e+03
   1.3869612e+03   1.1876582e+03
   1.3026266e+03   1.2058927e+03
   1.2308282e+03   1.1933565e+03
   1.1590299e+03   1.1694237e+03
   1.0974884e+03   1.1135805e+03
   1.0632987e+03   1.0383632e+03
   1.0530418e+03   9.6656479e+02
   1.0724160e+03   8.6171638e+02
   1.1134436e+03   8.0017491e+02
   1.1681471e+03   7.6142659e+02
