   1.0363937e+03   7.5053579e+02
   1.0150029e+03   7.7498246e+02
   9.8750036e+02   8.2081997e+02
   9.8138869e+02   8.7276915e+02
   9.8444452e+02   9.3082999e+02
   1.0027795e+03   9.7666750e+02
   1.0394495e+03   1.0316725e+03
   1.0761195e+03   1.0713984e+03
   1.1341804e+03   1.0927892e+03
   1.2014087e+03   1.0897334e+03
   1.2747487e+03   1.0622309e+03
   1.3236421e+03   1.0194492e+03
   1.3694796e+03   9.4305333e+02
   1.3725354e+03   8.6360165e+02
   1.3542004e+03   7.9942913e+02
   1.3297538e+03   7.4747996e+02
   1.2930838e+03   7.2303329e+02
   1.2472462e+03   6.8941911e+02
   1.1983529e+03   6.7108411e+02
   1.1311246e+03   6.7719578e+02
   1.0791754e+03   7.0469828e+02
