   1.4825455e+03   7.9331747e+02
   1.4305963e+03   8.3609914e+02
   1.3786471e+03   8.8804832e+02
   1.3725354e+03   9.5222083e+02
   1.3847588e+03   1.0408400e+03
   1.4244846e+03   1.1111242e+03
   1.4825455e+03   1.1600175e+03
   1.5742205e+03   1.1844642e+03
   1.6597838e+03   1.1539059e+03
   1.7422913e+03   1.1019567e+03
   1.7881288e+03   1.0255608e+03
   1.7881288e+03   9.3694166e+02
   1.7728497e+03   8.4526664e+02
   1.7209005e+03   7.8720580e+02
   1.6445047e+03   7.6275913e+02
   1.5497738e+03   7.6275913e+02
