   1.0730637e+03   7.0469828e+02
   1.0455612e+03   7.6887079e+02
   1.0241704e+03   8.5137831e+02
   1.0180587e+03   9.2777416e+02
   1.0577845e+03   1.0041700e+03
   1.1066779e+03   1.0561192e+03
   1.1800179e+03   1.0897334e+03
   1.2350229e+03   1.0897334e+03
   1.3205863e+03   1.0927892e+03
   1.3939263e+03   1.0225050e+03
   1.4489313e+03   9.3388583e+02
   1.4733780e+03   8.3304331e+02
   1.4397638e+03   7.2303329e+02
   1.4000379e+03   6.7108411e+02
   1.3328096e+03   6.3135827e+02
   1.2533579e+03   6.0385576e+02
   1.1616829e+03   6.1607910e+02
   1.1158454e+03   6.4052577e+02
