   1.3422968e+03   7.6510798e+02
   1.4229407e+03   7.5813875e+02
   1.4926330e+03   7.9099368e+02
   1.5473912e+03   8.3480026e+02
   1.5862198e+03   9.1345299e+02
   1.5852242e+03   1.0179914e+03
   1.5653121e+03   1.1006266e+03
   1.5145363e+03   1.1683276e+03
   1.4587824e+03   1.2320463e+03
   1.3651956e+03   1.2410067e+03
   1.2905253e+03   1.2260727e+03
   1.2208331e+03   1.1942133e+03
   1.1820045e+03   1.1374639e+03
   1.1491496e+03   1.0617980e+03
   1.1521364e+03   9.6223759e+02
   1.1810089e+03   8.7362882e+02
   1.2596616e+03   7.8601566e+02
