   1.1365877e+03   6.9745627e+02
   1.0596417e+03   7.2014546e+02
   1.0093309e+03   7.6946981e+02
   9.8368223e+02   8.4937524e+02
   9.7677682e+02   9.1842932e+02
   9.9847953e+02   9.8846988e+02
   1.0290606e+03   1.0555510e+03
   1.0645741e+03   1.1068483e+03
   1.1208039e+03   1.1630781e+03
   1.1849255e+03   1.1759024e+03
   1.3200742e+03   1.0811996e+03
   1.3565743e+03   1.0160915e+03
   1.3723580e+03   9.2336175e+02
   1.3526283e+03   8.1682117e+02
   1.3259932e+03   7.6453737e+02
   1.2737094e+03   7.1422654e+02
   1.2243850e+03   6.9548329e+02
