   1.0195171e+03   6.2184938e+02
   9.6567247e+02   6.5669005e+02
   9.1182780e+02   7.1686940e+02
   8.8121024e+02   7.9394119e+02
   8.9071224e+02   9.0479788e+02
   9.1499513e+02   9.6814456e+02
   9.2449713e+02   9.9242745e+02
   9.4033380e+02   1.0114315e+03
   9.7517447e+02   1.0346586e+03
   1.0438000e+03   1.0758339e+03
   1.0944774e+03   1.0790012e+03
   1.1567683e+03   1.0494395e+03
   1.2095572e+03   9.8609278e+02
   1.2412305e+03   8.7101298e+02
   1.2296170e+03   7.7176985e+02
   1.1979436e+03   6.9892117e+02
   1.1536010e+03   6.4613228e+02
   1.0934216e+03   6.2184938e+02
