   1.2999941e+03   7.5278867e+02
   1.2428945e+03   7.6734345e+02
   1.1801970e+03   8.1436660e+02
   1.1454894e+03   8.7594453e+02
   1.1488482e+03   9.4983805e+02
   1.1690010e+03   1.0282100e+03
   1.2171438e+03   1.0729939e+03
   1.2764825e+03   1.1088211e+03
   1.3447780e+03   1.1256150e+03
   1.4354655e+03   1.1233759e+03
   1.5048806e+03   1.0685155e+03
   1.5451862e+03   9.8902400e+02
   1.5440666e+03   9.0057570e+02
   1.5060002e+03   8.3899777e+02
   1.4578575e+03   7.9085502e+02
   1.3884424e+03   7.6062586e+02
