   1.3857581e+03   6.4245265e+02
   1.3033090e+03   6.7337108e+02
   1.2457663e+03   7.2919603e+02
   1.2079771e+03   7.9962134e+02
   1.2002475e+03   8.6747012e+02
   1.2191421e+03   9.4133081e+02
   1.2595079e+03   1.0031677e+03
   1.3196270e+03   1.0495453e+03
   1.4046527e+03   1.0598515e+03
   1.4939726e+03   1.0409569e+03
   1.5841514e+03   1.0108973e+03
   1.6425529e+03   9.2758929e+02
   1.6545767e+03   8.2882208e+02
   1.6288113e+03   7.2747834e+02
   1.5695510e+03   6.6306494e+02
   1.4913961e+03   6.3815843e+02
