   1.4030938e+03   8.2387581e+02
   1.4336521e+03   7.6887079e+02
   1.4458754e+03   7.0775412e+02
   1.4336521e+03   6.5580494e+02
   1.4642105e+03   5.9163243e+02
   1.4794896e+03   5.4273908e+02
   1.4580988e+03   4.8467824e+02
   1.3969821e+03   4.3578490e+02
   1.3419771e+03   4.0828239e+02
   1.2991954e+03   4.0522656e+02
   1.2289112e+03   4.0217072e+02
   1.1708504e+03   4.2661739e+02
   1.1005662e+03   5.1218074e+02
   1.0669520e+03   5.9468826e+02
   1.0425054e+03   6.7108411e+02
   1.0425054e+03   7.4442412e+02
   1.0791754e+03   8.2693164e+02
   1.1433479e+03   8.7276915e+02
   1.2197437e+03   9.0943916e+02
   1.2991954e+03   9.0027165e+02
   1.3511446e+03   8.8193665e+02
