   1.2900279e+03   8.3609914e+02
   1.2472462e+03   8.7276915e+02
   1.2136321e+03   9.0943916e+02
   1.2014087e+03   9.7055583e+02
   1.1952971e+03   1.0286167e+03
   1.2289112e+03   1.0897334e+03
   1.2686371e+03   1.1477942e+03
   1.3205863e+03   1.1814084e+03
   1.3786471e+03   1.2027992e+03
   1.4611546e+03   1.2027992e+03
   1.5436621e+03   1.1630734e+03
   1.5864438e+03   1.0836217e+03
   1.5956113e+03   9.8277917e+02
   1.5803321e+03   9.0638332e+02
   1.5344946e+03   8.3304331e+02
   1.4764338e+03   7.8109413e+02
   1.3847588e+03   7.6887079e+02
