   1.3725354e+03   7.2303329e+02
   1.4458754e+03   7.1692162e+02
   1.4947688e+03   7.3220079e+02
   1.5344946e+03   7.6887079e+02
   1.5558855e+03   8.0554080e+02
   1.6047788e+03   8.7276915e+02
   1.6200580e+03   9.2166249e+02
   1.6200580e+03   9.6750000e+02
   1.5956113e+03   1.0469517e+03
   1.5589413e+03   1.1111242e+03
   1.4672663e+03   1.1416825e+03
   1.3725354e+03   1.1233475e+03
   1.3236421e+03   1.0927892e+03
   1.2686371e+03   1.0469517e+03
   1.2227996e+03   9.7972334e+02
   1.2227996e+03   9.1249499e+02
   1.2655812e+03   7.9026163e+02
   1.3053071e+03   7.5970329e+02
