   1.0575630e+03   7.6970015e+02
   9.9648654e+02   8.0301459e+02
   9.4318343e+02   8.6742252e+02
   9.0653754e+02   9.3627237e+02
   9.0653754e+02   1.0362157e+03
   9.4651488e+02   1.1039551e+03
   9.9648654e+02   1.1550372e+03
   1.0564525e+03   1.1994565e+03
   1.1153081e+03   1.2083403e+03
   1.1852684e+03   1.2194452e+03
   1.2507868e+03   1.2205556e+03
   1.3096423e+03   1.1783573e+03
   1.3651664e+03   1.0706406e+03
   1.3673874e+03   9.5292959e+02
   1.3307415e+03   8.7408541e+02
   1.2863222e+03   8.1745085e+02
   1.2263562e+03   7.7858400e+02
   1.1464015e+03   7.5415341e+02
