   1.4183729e+03   7.7498246e+02
   1.3817029e+03   8.1776414e+02
   1.3694796e+03   8.7582498e+02
   1.3694796e+03   9.2471832e+02
   1.4092054e+03   9.7055583e+02
   1.4336521e+03   1.0072258e+03
   1.5039363e+03   1.0438958e+03
   1.5619971e+03   1.0530634e+03
   1.6261696e+03   1.0469517e+03
   1.6597838e+03   1.0011142e+03
   1.6842305e+03   9.3082999e+02
   1.6842305e+03   8.4221081e+02
   1.6567280e+03   7.8109413e+02
   1.6108905e+03   7.2608912e+02
   1.5497738e+03   6.9553078e+02
   1.4672663e+03   7.0775412e+02
