   1.2873514e+03   1.0744649e+03
   1.2824353e+03   1.0523428e+03
   1.3020994e+03   1.0203886e+03
   1.3143895e+03   1.0068696e+03
   1.3205345e+03   9.8843447e+02
   1.3229925e+03   9.6754137e+02
   1.2934964e+03   9.4541927e+02
   1.2713743e+03   9.4050324e+02
   1.2603132e+03   9.3067120e+02
   1.2640002e+03   9.0117506e+02
   1.2726033e+03   8.8765599e+02
   1.3020994e+03   8.7782395e+02
   1.3549467e+03   8.8273997e+02
   1.3819848e+03   9.0977810e+02
   1.3930459e+03   9.4910628e+02
   1.3869008e+03   9.8597646e+02
   1.3918168e+03   1.0265336e+03
   1.3758398e+03   1.0584878e+03
   1.3500307e+03   1.0769229e+03
   1.3156185e+03   1.0793809e+03
