   1.4672663e+03   8.9110415e+02
   1.4183729e+03   8.5443414e+02
   1.3633679e+03   8.2998747e+02
   1.3022513e+03   8.2693164e+02
   1.2319671e+03   8.3915497e+02
   1.1861296e+03   8.7582498e+02
   1.1464037e+03   9.3388583e+02
   1.1280687e+03   1.0011142e+03
   1.1250129e+03   1.0866775e+03
   1.1525154e+03   1.1600175e+03
   1.2166879e+03   1.2119667e+03
   1.2900279e+03   1.2486367e+03
   1.3725354e+03   1.2639159e+03
   1.4580988e+03   1.2150225e+03
   1.5283830e+03   1.1508500e+03
   1.5528296e+03   1.0622309e+03
   1.5344946e+03   9.9500251e+02
   1.5100480e+03   9.4305333e+02
