   1.2934688e+03   6.6994387e+02
   1.2593046e+03   6.8331249e+02
   1.2073155e+03   6.9073950e+02
   1.1686950e+03   7.1004973e+02
   1.1256184e+03   7.5609720e+02
   1.1077935e+03   7.8580525e+02
   1.1018519e+03   8.5561916e+02
   1.1048227e+03   9.2840388e+02
   1.1330454e+03   9.8336376e+02
   1.1627534e+03   1.0442653e+03
   1.2013739e+03   1.0947689e+03
   1.2340527e+03   1.1259624e+03
   1.3261477e+03   1.1289332e+03
   1.4019032e+03   1.1081376e+03
   1.4717171e+03   1.0635755e+03
   1.5133084e+03   1.0190134e+03
   1.5237062e+03   9.6553894e+02
   1.5400456e+03   9.0612284e+02
   1.5296478e+03   8.4225054e+02
   1.5133084e+03   7.8877605e+02
   1.4925127e+03   7.3975778e+02
   1.4553777e+03   7.1302053e+02
   1.4108156e+03   6.8034168e+02
   1.3335747e+03   6.7291467e+02
