   1.4367079e+03   9.1860666e+02
   1.4030938e+03   8.2693164e+02
   1.3511446e+03   7.5053579e+02
   1.2839162e+03   7.1997745e+02
   1.2227996e+03   7.1997745e+02
   1.1433479e+03   7.3220079e+02
   1.0822312e+03   7.5664746e+02
   1.0455612e+03   7.8720580e+02
   1.0119470e+03   8.3915497e+02
   9.8750036e+02   9.3388583e+02
   9.9361203e+02   1.0347283e+03
   1.0302820e+03   1.1111242e+03
   1.1219571e+03   1.2058550e+03
   1.1983529e+03   1.2455809e+03
   1.3144746e+03   1.2119667e+03
   1.3847588e+03   1.1477942e+03
   1.4336521e+03   1.0591750e+03
