   1.4153060e+03   7.8562985e+02
   1.3839901e+03   7.7754832e+02
   1.3486334e+03   7.7855851e+02
   1.3102461e+03   7.9876234e+02
   1.2930728e+03   8.4119039e+02
   1.3011543e+03   8.9776113e+02
   1.3203480e+03   9.4018918e+02
   1.3506537e+03   9.5433186e+02
   1.3880308e+03   9.7554589e+02
   1.4405608e+03   9.7352551e+02
   1.4607646e+03   9.6342359e+02
   1.4951112e+03   9.4119937e+02
   1.5042029e+03   9.0685285e+02
   1.5042029e+03   8.7654710e+02
   1.4890500e+03   8.4220059e+02
   1.4557137e+03   7.9573177e+02
