   1.3253989e+03   6.6743742e+02
   1.2597365e+03   6.9067183e+02
   1.2011454e+03   7.2804892e+02
   1.1627581e+03   7.5128333e+02
   1.1425542e+03   8.2401714e+02
   1.1516460e+03   8.9068979e+02
   1.1617479e+03   9.6241340e+02
   1.1880129e+03   1.0199943e+03
   1.2294307e+03   1.0674733e+03
   1.2678180e+03   1.1119218e+03
   1.3264091e+03   1.1442479e+03
   1.3961124e+03   1.1402071e+03
   1.4678360e+03   1.1240441e+03
   1.5193558e+03   1.0715141e+03
   1.5739061e+03   1.0018109e+03
   1.5961303e+03   9.2301592e+02
   1.5890590e+03   8.5230250e+02
   1.5456207e+03   7.7047698e+02
   1.4860194e+03   6.9572279e+02
   1.4153060e+03   6.6642723e+02
