   1.3296788e+03   5.8388709e+02
   1.3773595e+03   5.8171979e+02
   1.4228729e+03   5.8171979e+02
   1.5008958e+03   6.1639666e+02
   1.5767515e+03   6.7057928e+02
   1.6135957e+03   7.1392537e+02
   1.6504399e+03   8.1362138e+02
   1.6482726e+03   9.1115008e+02
   1.6179303e+03   9.8917305e+02
   1.5637477e+03   1.0650287e+03
   1.5073978e+03   1.1170440e+03
   1.4207056e+03   1.1473863e+03
   1.3318461e+03   1.1495536e+03
   1.2408193e+03   1.1170440e+03
   1.1909713e+03   1.0780325e+03
   1.1758002e+03   1.0585268e+03
   1.1346214e+03   1.0000096e+03
   1.1194502e+03   9.6316539e+02
   1.1151156e+03   9.1331739e+02
   1.1194502e+03   8.2445790e+02
   1.1411233e+03   7.3559841e+02
   1.1888040e+03   6.6841197e+02
   1.2603250e+03   6.1206205e+02
