   1.3289552e+03   5.4935804e+02
   1.2463258e+03   5.7110262e+02
   1.1897899e+03   6.2183996e+02
   1.1347036e+03   6.8417440e+02
   1.1144087e+03   7.6245487e+02
   1.1202073e+03   8.6103027e+02
   1.1390525e+03   9.0017050e+02
   1.1477504e+03   9.4655893e+02
   1.1883402e+03   1.0088934e+03
   1.2289301e+03   1.0494832e+03
   1.3028617e+03   1.1045695e+03
   1.3811421e+03   1.1176162e+03
   1.4492751e+03   1.0958717e+03
   1.4840665e+03   1.0465840e+03
   1.5348038e+03   1.0059941e+03
   1.5739440e+03   9.1466688e+02
   1.6014872e+03   8.1319221e+02
   1.5971382e+03   7.3491174e+02
   1.5579980e+03   6.5808091e+02
   1.5072607e+03   5.9864575e+02
   1.4376780e+03   5.5080768e+02
