   1.4049694e+03   7.0631477e+02
   1.5011462e+03   7.3243687e+02
   1.5427041e+03   7.6330844e+02
   1.5700135e+03   8.1792737e+02
   1.5925735e+03   8.7492105e+02
   1.6293820e+03   9.6872313e+02
   1.6032599e+03   1.0613378e+03
   1.5450788e+03   1.1254557e+03
   1.4868978e+03   1.1492031e+03
   1.4275294e+03   1.1444536e+03
   1.3562873e+03   1.1254557e+03
   1.2826705e+03   1.0969589e+03
   1.2280515e+03   1.0625252e+03
   1.1924305e+03   1.0150305e+03
   1.1698705e+03   9.5566208e+02
   1.1639336e+03   8.9629367e+02
   1.1948052e+03   8.3098842e+02
   1.2387378e+03   7.7874422e+02
   1.3004810e+03   7.2887476e+02
