   1.1219571e+03   7.8414996e+02
   1.0913987e+03   8.2387581e+02
   1.0425054e+03   9.0332749e+02
   1.0241704e+03   9.8277917e+02
   1.0363937e+03   1.0683425e+03
   1.0638962e+03   1.1508500e+03
   1.1219571e+03   1.2150225e+03
   1.1861296e+03   1.2547484e+03
   1.2686371e+03   1.2425251e+03
   1.3419771e+03   1.2058550e+03
   1.4030938e+03   1.1141800e+03
   1.4183729e+03   1.0316725e+03
   1.4183729e+03   9.5222083e+02
   1.3878146e+03   8.6665748e+02
   1.3419771e+03   8.0248497e+02
   1.2808604e+03   7.5664746e+02
   1.2380787e+03   7.3831245e+02
   1.1800179e+03   7.5053579e+02
