   1.1033626e+03   9.2114478e+02
   1.0968857e+03   9.6756254e+02
   1.0936473e+03   1.0096624e+03
   1.0990447e+03   1.0517622e+03
   1.1022832e+03   1.0809082e+03
   1.1206344e+03   1.1165312e+03
   1.1357471e+03   1.1543131e+03
   1.1584163e+03   1.1877770e+03
   1.1940392e+03   1.2234000e+03
   1.2469339e+03   1.2449896e+03
   1.3106233e+03   1.2557845e+03
   1.3743128e+03   1.2514665e+03
   1.4369228e+03   1.2277179e+03
   1.4984534e+03   1.1834591e+03
   1.5394737e+03   1.1230081e+03
   1.5696992e+03   1.0517622e+03
   1.5696992e+03   9.8483427e+02
   1.5589044e+03   9.1142943e+02
   1.5275994e+03   8.6177322e+02
   1.4833406e+03   8.2507081e+02
   1.4326049e+03   7.8836839e+02
   1.3753923e+03   7.5166598e+02
   1.3160208e+03   7.3979167e+02
   1.2501723e+03   7.3979167e+02
   1.1994366e+03   7.4842753e+02
   1.1551778e+03   7.7325563e+02
   1.1281907e+03   8.0456064e+02
   1.1152370e+03   8.3370667e+02
   1.1066011e+03   8.7364754e+02
