   1.3411282e+03   7.3798943e+02
   1.3734853e+03   7.4538535e+02
   1.3984466e+03   7.5093228e+02
   1.4224833e+03   7.9530778e+02
   1.4308037e+03   8.3783430e+02
   1.4289547e+03   8.7296490e+02
   1.4197098e+03   9.0162408e+02
   1.3993710e+03   9.3583019e+02
   1.3512976e+03   9.4230161e+02
   1.3041486e+03   9.4230161e+02
   1.2569997e+03   9.1734040e+02
   1.2283405e+03   8.8313428e+02
   1.2237180e+03   8.4245675e+02
   1.2301895e+03   7.8698738e+02
   1.2569997e+03   7.7034656e+02
   1.2893568e+03   7.5463024e+02
