   1.3105388e+03   7.1481764e+02
   1.2519185e+03   7.1481764e+02
   1.1902129e+03   7.4464200e+02
   1.1357063e+03   7.8989275e+02
   1.0976545e+03   8.5776888e+02
   1.0873703e+03   9.4004298e+02
   1.0986830e+03   1.0182034e+03
   1.1151378e+03   1.0624257e+03
   1.1418769e+03   1.1117902e+03
   1.1789002e+03   1.1375008e+03
   1.2313499e+03   1.1580693e+03
   1.3146525e+03   1.1786379e+03
   1.3701875e+03   1.1529272e+03
   1.4216088e+03   1.1210460e+03
   1.4586321e+03   1.0624257e+03
   1.5059397e+03   9.8529373e+02
   1.5059397e+03   8.9787751e+02
   1.4874281e+03   8.1251813e+02
   1.4421773e+03   7.5801154e+02
   1.3866423e+03   7.3538616e+02
