   1.4764338e+03   1.0102817e+03
   1.4214288e+03   1.0500075e+03
   1.3817029e+03   1.0713984e+03
   1.3083629e+03   1.0836217e+03
   1.2380787e+03   1.0530634e+03
   1.1891854e+03   1.0194492e+03
   1.1555712e+03   9.8583500e+02
   1.1189012e+03   9.2471832e+02
   1.1189012e+03   8.4832248e+02
   1.1341804e+03   7.8414996e+02
   1.1677946e+03   7.1997745e+02
   1.1677946e+03   7.1997745e+02
   1.2258554e+03   6.4663744e+02
   1.2747487e+03   6.1913493e+02
   1.3450329e+03   6.1302326e+02
   1.3908704e+03   6.3135827e+02
   1.4428196e+03   6.5274910e+02
   1.4947688e+03   7.1692162e+02
   1.5344946e+03   8.0554080e+02
   1.5375505e+03   8.9415999e+02
   1.5222713e+03   9.3082999e+02
