   1.1624257e+03   5.6599887e+02
   1.2303529e+03   5.5383281e+02
   1.3013216e+03   5.5788816e+02
   1.3621519e+03   5.8424796e+02
   1.4199407e+03   6.4000909e+02
   1.4422452e+03   7.0793627e+02
   1.4615081e+03   8.0222326e+02
   1.4493420e+03   8.8130267e+02
   1.4047331e+03   9.5024370e+02
   1.3601242e+03   1.0283093e+03
   1.2891555e+03   1.0901534e+03
   1.2060208e+03   1.0820427e+03
   1.1350521e+03   1.0333785e+03
   1.0762494e+03   9.8572805e+02
   1.0377236e+03   9.1475935e+02
   1.0123776e+03   8.2756923e+02
   1.0235298e+03   7.5051749e+02
   1.0438066e+03   6.8563182e+02
   1.0934847e+03   6.1364928e+02
