   1.1494596e+03   6.2830243e+02
   1.0944545e+03   6.5580494e+02
   1.0486170e+03   7.0775412e+02
   1.0394495e+03   7.5970329e+02
   1.0425054e+03   8.3304331e+02
   1.0700079e+03   8.9721582e+02
   1.1158454e+03   9.5833250e+02
   1.1830737e+03   1.0011142e+03
   1.2411346e+03   1.0041700e+03
   1.3144746e+03   9.6750000e+02
   1.3603121e+03   9.1555082e+02
   1.3786471e+03   8.1776414e+02
   1.3725354e+03   7.2914495e+02
   1.3480888e+03   6.6802827e+02
   1.3083629e+03   6.1302326e+02
   1.2441904e+03   6.0691160e+02
