   1.4183729e+03   1.1172359e+03
   1.4947688e+03   1.0897334e+03
   1.5436621e+03   1.0469517e+03
   1.5894996e+03   9.9500251e+02
   1.6170021e+03   9.2777416e+02
   1.6170021e+03   8.5137831e+02
   1.5864438e+03   7.9026163e+02
   1.5558855e+03   7.3220079e+02
   1.5100480e+03   6.8330744e+02
   1.4642105e+03   6.4663744e+02
   1.4122613e+03   6.2219077e+02
   1.3664238e+03   6.0691160e+02
   1.3114188e+03   6.1913493e+02
   1.2411346e+03   6.4358160e+02
   1.1922412e+03   6.6802827e+02
   1.1525154e+03   7.0469828e+02
   1.1250129e+03   7.5970329e+02
   1.1158454e+03   8.1165247e+02
   1.1158454e+03   8.7276915e+02
   1.1402921e+03   9.3694166e+02
   1.1739062e+03   9.8583500e+02
   1.2075204e+03   1.0255608e+03
   1.2594696e+03   1.0713984e+03
   1.2930838e+03   1.0958450e+03
   1.3450329e+03   1.1172359e+03
