   1.3514026e+03   7.3908683e+02
   1.4036718e+03   7.2628621e+02
   1.4900761e+03   7.4335371e+02
   1.5786137e+03   7.7642199e+02
   1.6308829e+03   8.3722495e+02
   1.6831521e+03   9.1296198e+02
   1.7108868e+03   1.0121668e+03
   1.6970195e+03   1.1177720e+03
   1.6415501e+03   1.1988426e+03
   1.5658131e+03   1.2692460e+03
   1.4922095e+03   1.3129815e+03
   1.3844709e+03   1.3076479e+03
   1.2799325e+03   1.2745796e+03
   1.2372637e+03   1.2287107e+03
   1.1743273e+03   1.1700412e+03
   1.1465926e+03   1.0815035e+03
   1.1465926e+03   9.9509932e+02
   1.1689937e+03   9.1296198e+02
   1.2084623e+03   8.4575870e+02
   1.2521978e+03   7.9028933e+02
   1.2980667e+03   7.5508761e+02
