   1.1226011e+03   7.8795706e+02
   1.1430581e+03   7.8638344e+02
   1.1823986e+03   7.9897240e+02
   1.2296073e+03   8.0998774e+02
   1.2642269e+03   8.2415033e+02
   1.2956993e+03   8.4618101e+02
   1.3098619e+03   8.6506446e+02
   1.3145828e+03   8.9811049e+02
   1.3161564e+03   9.2486204e+02
   1.3145828e+03   9.6420255e+02
   1.3019938e+03   1.0098375e+03
   1.2956993e+03   1.0208529e+03
   1.2359017e+03   1.0507517e+03
   1.1839723e+03   1.0712087e+03
   1.1320428e+03   1.0664879e+03
   1.0801133e+03   1.0554725e+03
   1.0391992e+03   1.0302946e+03
   9.9985866e+02   1.0019694e+03
   9.8254884e+02   9.5476083e+02
   9.8254884e+02   8.9496325e+02
   1.0030059e+03   8.5719636e+02
   1.0391992e+03   8.3044481e+02
   1.0753924e+03   8.0684050e+02
