   1.0852870e+03   7.0469828e+02
   1.0241704e+03   7.5970329e+02
   9.8750036e+02   8.2387581e+02
   9.7222119e+02   8.8499248e+02
   9.8138869e+02   9.8277917e+02
   1.0180587e+03   1.0866775e+03
   1.0822312e+03   1.1416825e+03
   1.1647387e+03   1.2119667e+03
   1.2380787e+03   1.2180784e+03
   1.3358654e+03   1.1722409e+03
   1.4000379e+03   1.1019567e+03
   1.4336521e+03   1.0225050e+03
   1.4428196e+03   9.1249499e+02
   1.4092054e+03   7.9331747e+02
   1.3450329e+03   7.2608912e+02
   1.2778046e+03   6.7413994e+02
   1.2014087e+03   6.6191661e+02
   1.1708504e+03   6.6191661e+02
