   1.2533579e+03   7.9637330e+02
   1.2166879e+03   8.3915497e+02
   1.1952971e+03   9.0027165e+02
   1.1952971e+03   9.8277917e+02
   1.2075204e+03   1.0591750e+03
   1.2594696e+03   1.1172359e+03
   1.3022513e+03   1.1447384e+03
   1.3572563e+03   1.1630734e+03
   1.4183729e+03   1.1630734e+03
   1.4733780e+03   1.1264034e+03
   1.5222713e+03   1.0500075e+03
   1.5344946e+03   9.7055583e+02
   1.5283830e+03   8.9110415e+02
   1.4947688e+03   8.2998747e+02
   1.4519871e+03   7.9331747e+02
   1.3908704e+03   7.5970329e+02
   1.3358654e+03   7.6275913e+02
