   1.6389059e+03   8.0154026e+02
   1.5956457e+03   8.0033859e+02
   1.5499821e+03   8.1956537e+02
   1.5223436e+03   8.6883400e+02
   1.5031168e+03   9.2290932e+02
   1.5103268e+03   9.7097627e+02
   1.5187386e+03   1.0142365e+03
   1.5247469e+03   1.0526901e+03
   1.5487804e+03   1.0779252e+03
   1.5932423e+03   1.0887403e+03
   1.6244859e+03   1.0983537e+03
   1.6749562e+03   1.0707152e+03
   1.7182164e+03   1.0262533e+03
   1.7374432e+03   9.6977460e+02
   1.7566700e+03   9.1329593e+02
   1.7386449e+03   8.5561558e+02
   1.7025947e+03   8.2557374e+02
