   1.2987949e+03   8.2730284e+02
   1.2362141e+03   8.3868118e+02
   1.1660477e+03   8.7850534e+02
   1.1262235e+03   9.4677534e+02
   1.1110524e+03   1.0046152e+03
   1.1101042e+03   1.0804707e+03
   1.1262235e+03   1.1572745e+03
   1.1575139e+03   1.1961505e+03
   1.1992345e+03   1.2340782e+03
   1.2475924e+03   1.2615759e+03
   1.2893129e+03   1.2843325e+03
   1.3291371e+03   1.2966591e+03
   1.3888734e+03   1.3070892e+03
   1.4524024e+03   1.2739024e+03
   1.5168796e+03   1.2075288e+03
   1.5548074e+03   1.1392588e+03
   1.5614447e+03   1.0615069e+03
   1.5396363e+03   9.7901394e+02
   1.5102422e+03   9.1643312e+02
   1.4505060e+03   8.6048965e+02
   1.3746504e+03   8.2919923e+02
