   1.1525154e+03   7.3220079e+02
   1.1005662e+03   7.6581496e+02
   1.0486170e+03   8.1470830e+02
   1.0302820e+03   8.4526664e+02
   1.0302820e+03   8.9721582e+02
   1.0455612e+03   9.7666750e+02
   1.0730637e+03   1.0377842e+03
   1.1066779e+03   1.0897334e+03
   1.1555712e+03   1.1202917e+03
   1.2075204e+03   1.1447384e+03
   1.2839162e+03   1.1294592e+03
   1.3542004e+03   1.0866775e+03
   1.4030938e+03   1.0225050e+03
   1.4367079e+03   9.5833250e+02
   1.4367079e+03   8.6971331e+02
   1.4122613e+03   8.2693164e+02
   1.3786471e+03   7.7803830e+02
   1.3358654e+03   7.3831245e+02
   1.2778046e+03   7.1080995e+02
   1.2258554e+03   7.1386578e+02
