   1.1324541e+03   8.0061755e+02
   1.1736329e+03   7.8544642e+02
   1.2299828e+03   7.7677720e+02
   1.2819981e+03   7.8761372e+02
   1.3231769e+03   8.0061755e+02
   1.3361807e+03   8.2662520e+02
   1.3535191e+03   8.7213860e+02
   1.3600211e+03   9.1548469e+02
   1.3578537e+03   9.7616922e+02
   1.3405153e+03   1.0368537e+03
   1.3166750e+03   1.0845344e+03
   1.2603250e+03   1.1018729e+03
   1.2104770e+03   1.1040402e+03
   1.1606290e+03   1.0975383e+03
   1.1237849e+03   1.0585268e+03
   1.0891080e+03   1.0390211e+03
   1.0565984e+03   1.0021769e+03
   1.0370927e+03   9.5883078e+02
   1.0392600e+03   8.8514243e+02
   1.0761042e+03   8.2445790e+02
