   1.1983529e+03   6.6191661e+02
   1.1494596e+03   6.9553078e+02
   1.1066779e+03   7.4442412e+02
   1.1005662e+03   7.9942913e+02
   1.1005662e+03   8.7582498e+02
   1.1189012e+03   9.3999749e+02
   1.1525154e+03   9.9500251e+02
   1.1922412e+03   1.0377842e+03
   1.2564137e+03   1.0500075e+03
   1.3328096e+03   1.0438958e+03
   1.3969821e+03   1.0163933e+03
   1.4428196e+03   9.7972334e+02
   1.4611546e+03   8.9110415e+02
   1.4611546e+03   7.9637330e+02
   1.4336521e+03   7.2914495e+02
   1.3694796e+03   6.6497244e+02
   1.3053071e+03   6.4052577e+02
   1.2594696e+03   6.3746994e+02
