   1.2213136e+03   5.9182531e+02
   1.1632841e+03   5.9267869e+02
   1.0975742e+03   6.2254681e+02
   1.0489318e+03   6.6436218e+02
   1.0079698e+03   7.1812480e+02
   9.8578208e+02   7.7530092e+02
   9.8066183e+02   8.3930404e+02
   1.0037029e+03   9.0672066e+02
   1.0267441e+03   9.4597591e+02
   1.0728263e+03   9.8523116e+02
   1.1069613e+03   1.0099790e+03
   1.1769381e+03   1.0210729e+03
   1.2537418e+03   1.0287533e+03
   1.3151848e+03   9.9376491e+02
   1.3800413e+03   9.3914891e+02
   1.4244168e+03   8.7599917e+02
   1.4372174e+03   7.9834205e+02
   1.4184432e+03   7.3092543e+02
   1.3860149e+03   6.7289593e+02
   1.3450529e+03   6.3022718e+02
   1.2793431e+03   5.9267869e+02
