   1.3419771e+03   8.1470830e+02
   1.4092054e+03   8.3304331e+02
   1.4642105e+03   8.8804832e+02
   1.4947688e+03   9.5527666e+02
   1.5069921e+03   1.0408400e+03
   1.4794896e+03   1.1172359e+03
   1.4183729e+03   1.2027992e+03
   1.3450329e+03   1.2547484e+03
   1.2503021e+03   1.2761392e+03
   1.1830737e+03   1.2547484e+03
   1.1219571e+03   1.1844642e+03
   1.0700079e+03   1.1019567e+03
   1.0638962e+03   1.0438958e+03
   1.0791754e+03   9.8277917e+02
   1.1158454e+03   9.3388583e+02
   1.1555712e+03   8.8499248e+02
   1.2044646e+03   8.4832248e+02
   1.2655812e+03   8.2081997e+02
