   1.2163084e+03   7.5638099e+02
   1.1739678e+03   7.9284088e+02
   1.1316273e+03   8.1871565e+02
   1.0928152e+03   8.5752780e+02
   1.0634120e+03   9.2456696e+02
   1.0610598e+03   9.9278225e+02
   1.0692926e+03   1.0645259e+03
   1.1010480e+03   1.1409741e+03
   1.1339796e+03   1.1903714e+03
   1.1633827e+03   1.2374164e+03
   1.2127800e+03   1.2774047e+03
   1.2715863e+03   1.3021033e+03
   1.3645002e+03   1.3068078e+03
   1.4221304e+03   1.2621150e+03
   1.4750560e+03   1.1997804e+03
   1.5162204e+03   1.1198038e+03
   1.5420952e+03   1.0245376e+03
   1.5315100e+03   9.3279984e+02
   1.4856411e+03   8.4223816e+02
   1.4374200e+03   7.8578413e+02
   1.3645002e+03   7.5520486e+02
   1.2821714e+03   7.4109135e+02
