   1.2177535e+03   7.9579081e+02
   1.1638541e+03   8.2228372e+02
   1.1154360e+03   8.7344245e+02
   1.0734128e+03   9.3556377e+02
   1.0478334e+03   1.0196103e+03
   1.0615367e+03   1.1073109e+03
   1.0980786e+03   1.1593832e+03
   1.1556322e+03   1.2233316e+03
   1.2360245e+03   1.2434297e+03
   1.3081948e+03   1.2425162e+03
   1.3812787e+03   1.2141962e+03
   1.4607575e+03   1.1502477e+03
   1.5137433e+03   1.0552387e+03
   1.5128298e+03   9.4743991e+02
   1.4781149e+03   8.5699858e+02
   1.3867600e+03   8.0218565e+02
   1.2880968e+03   7.8026048e+02
