   1.0883647e+03   6.7998292e+02
   1.0574135e+03   7.0577563e+02
   1.0075476e+03   7.4188542e+02
   9.8863293e+02   7.9690987e+02
   9.8519391e+02   8.6740995e+02
   9.9379148e+02   9.4306856e+02
   1.0144256e+03   1.0290443e+03
   1.0711696e+03   1.1064224e+03
   1.1519868e+03   1.1528493e+03
   1.2276454e+03   1.1752030e+03
   1.3359748e+03   1.1528493e+03
   1.4064748e+03   1.0823492e+03
   1.4597798e+03   1.0152882e+03
   1.4958896e+03   9.3447099e+02
   1.4958896e+03   8.5881238e+02
   1.4821335e+03   7.9690987e+02
   1.4477432e+03   7.5220251e+02
   1.4116334e+03   7.0921466e+02
   1.3583284e+03   6.6278778e+02
   1.2998650e+03   6.3355604e+02
   1.2310844e+03   6.2667798e+02
   1.1657429e+03   6.3183652e+02
