   1.1331437e+03   6.1348987e+02
   1.0727729e+03   6.4075410e+02
   1.0377188e+03   6.9528257e+02
   1.0143495e+03   7.5370593e+02
   1.0231130e+03   8.5010448e+02
   1.0523247e+03   9.1437017e+02
   1.1000371e+03   9.7474098e+02
   1.1321699e+03   9.9616288e+02
   1.1438546e+03   1.0078476e+03
   1.1818298e+03   1.0097950e+03
   1.2422006e+03   1.0146636e+03
   1.3035451e+03   1.0107687e+03
   1.3541787e+03   9.7960959e+02
   1.3882590e+03   9.2800229e+02
   1.4203919e+03   8.6763149e+02
   1.4252605e+03   7.8583878e+02
   1.3911802e+03   7.0696724e+02
   1.3502838e+03   6.5146505e+02
   1.2908867e+03   5.9985775e+02
   1.2178575e+03   5.9109424e+02
