   1.6842305e+03   6.0996743e+02
   1.7209005e+03   6.6802827e+02
   1.7300680e+03   7.4136829e+02
   1.7209005e+03   8.2387581e+02
   1.6933980e+03   8.8804832e+02
   1.6383930e+03   9.3999749e+02
   1.5772763e+03   9.7361167e+02
   1.4672663e+03   9.7666750e+02
   1.3939263e+03   9.3999749e+02
   1.3297538e+03   8.7582498e+02
   1.3053071e+03   7.9637330e+02
   1.2991954e+03   7.1080995e+02
   1.3236421e+03   6.4663744e+02
   1.3542004e+03   5.9163243e+02
   1.4092054e+03   5.3662742e+02
   1.4794896e+03   5.2134825e+02
   1.5711646e+03   5.2134825e+02
   1.6353372e+03   5.6107409e+02
