   8.9276951e+02   6.4052577e+02
   9.5388618e+02   5.9774409e+02
   1.0333379e+03   6.0385576e+02
   1.0944545e+03   6.2830243e+02
   1.1494596e+03   6.4358160e+02
   1.1800179e+03   6.7719578e+02
   1.1922412e+03   7.4136829e+02
   1.1922412e+03   8.2387581e+02
   1.1922412e+03   9.1860666e+02
   1.1433479e+03   1.0316725e+03
   1.0516729e+03   1.0989009e+03
   9.5388618e+02   1.0958450e+03
   8.6832283e+02   1.0591750e+03
   8.2554116e+02   9.8889084e+02
   7.8887115e+02   8.7276915e+02
   7.9192699e+02   7.8109413e+02
   8.2859699e+02   7.1080995e+02
