   1.4550429e+03   6.6497244e+02
   1.5253271e+03   7.0469828e+02
   1.5772763e+03   7.7192663e+02
   1.6078346e+03   8.5748998e+02
   1.5986671e+03   9.2166249e+02
   1.5681088e+03   9.9194667e+02
   1.5161596e+03   1.0438958e+03
   1.4580988e+03   1.0775100e+03
   1.3969821e+03   1.0866775e+03
   1.3358654e+03   1.0805659e+03
   1.2564137e+03   1.0469517e+03
   1.2197437e+03   1.0102817e+03
   1.2014087e+03   9.7666750e+02
   1.1800179e+03   9.0332749e+02
   1.1830737e+03   8.6360165e+02
   1.1983529e+03   7.7803830e+02
   1.2319671e+03   7.0469828e+02
   1.3053071e+03   6.4969327e+02
   1.3664238e+03   6.3441410e+02
