   1.1953057e+03   8.3061295e+02
   1.1517289e+03   8.6070171e+02
   1.0977766e+03   9.0739117e+02
   1.0541998e+03   9.6445606e+02
   1.0282612e+03   1.0505722e+03
   1.0272237e+03   1.1346132e+03
   1.0438244e+03   1.2196917e+03
   1.0936265e+03   1.2798693e+03
   1.1278654e+03   1.3151457e+03
   1.1859678e+03   1.3410843e+03
   1.2741590e+03   1.3639103e+03
   1.3924390e+03   1.3379717e+03
   1.4827053e+03   1.2860945e+03
   1.5335449e+03   1.2093163e+03
   1.5553333e+03   1.1283879e+03
   1.5553333e+03   1.0277462e+03
   1.5262821e+03   9.5304308e+02
   1.4692172e+03   8.9079047e+02
   1.4204526e+03   8.5758908e+02
   1.3467871e+03   8.3061295e+02
   1.2814218e+03   8.1919997e+02
