   1.2542460e+03   5.7675987e+02
   1.1980217e+03   5.9862487e+02
   1.1334679e+03   6.3610773e+02
   1.0637082e+03   7.1836176e+02
   1.0553786e+03   8.2039842e+02
   1.0720377e+03   9.1306436e+02
   1.1199324e+03   9.9531840e+02
   1.2157220e+03   1.0546663e+03
   1.3396236e+03   1.0744489e+03
   1.4395779e+03   1.0244717e+03
   1.5072553e+03   9.4117650e+02
   1.5364086e+03   8.2248080e+02
   1.5343262e+03   7.0794986e+02
   1.4853903e+03   6.2673701e+02
   1.4031362e+03   5.8508940e+02
   1.3292117e+03   5.6426559e+02
