   1.3740005e+03   1.1727669e+03
   1.3338809e+03   1.2202769e+03
   1.2768689e+03   1.2561734e+03
   1.2029644e+03   1.2720100e+03
   1.1396178e+03   1.2741216e+03
   1.0836615e+03   1.2561734e+03
   1.0403746e+03   1.2171096e+03
   1.0129244e+03   1.1632649e+03
   9.9392041e+02   1.1009740e+03
   9.8969730e+02   1.0260138e+03
   9.9180885e+02   9.3310532e+02
   1.0118686e+03   8.7187019e+02
   1.0836615e+03   7.9796574e+02
   1.1459524e+03   7.6206929e+02
   1.2367493e+03   7.5467884e+02
   1.3000960e+03   7.7368284e+02
   1.3486618e+03   8.0957929e+02
   1.3761120e+03   8.5181041e+02
   1.3930045e+03   8.9615309e+02
   1.4088412e+03   9.5527665e+02
   1.4109527e+03   1.0217907e+03
   1.3982834e+03   1.0935836e+03
