   1.0534693e+03   4.0747919e+02
   9.7666370e+02   4.3693886e+02
   9.1564010e+02   4.7902411e+02
   8.7460699e+02   5.5793394e+02
   8.6513781e+02   6.6630344e+02
   8.9038895e+02   7.5573458e+02
   9.2616141e+02   8.2938375e+02
   9.7982009e+02   8.8619883e+02
   1.0503129e+03   9.0724145e+02
   1.1439525e+03   9.0303293e+02
   1.2407486e+03   8.6515621e+02
   1.3091371e+03   7.8940277e+02
   1.3407010e+03   6.9786737e+02
   1.3291276e+03   5.8634148e+02
   1.2954594e+03   5.1479656e+02
   1.2502178e+03   4.4430378e+02
   1.1702558e+03   4.1168772e+02
