   1.3908704e+03   6.6497244e+02
   1.4397638e+03   6.8941911e+02
   1.4764338e+03   7.2608912e+02
   1.5131038e+03   7.8109413e+02
   1.5314388e+03   8.3304331e+02
   1.5314388e+03   8.7582498e+02
   1.5161596e+03   9.5527666e+02
   1.4642105e+03   1.0500075e+03
   1.4000379e+03   1.1141800e+03
   1.3053071e+03   1.1080684e+03
   1.2289112e+03   1.0989009e+03
   1.1586271e+03   1.0530634e+03
   1.1219571e+03   9.6138833e+02
   1.1036220e+03   8.8499248e+02
   1.1158454e+03   7.8720580e+02
   1.1464037e+03   7.3220079e+02
   1.1891854e+03   6.7719578e+02
   1.2564137e+03   6.5274910e+02
   1.3266979e+03   6.4358160e+02
