   1.1891854e+03   8.2387581e+02
   1.1555712e+03   8.4526664e+02
   1.1341804e+03   8.8499248e+02
   1.1005662e+03   9.6138833e+02
   1.0883429e+03   1.0438958e+03
   1.0975104e+03   1.1141800e+03
   1.1280687e+03   1.1875200e+03
   1.1922412e+03   1.2578042e+03
   1.2472462e+03   1.2791951e+03
   1.3542004e+03   1.2394692e+03
   1.4489313e+03   1.1569617e+03
   1.4825455e+03   1.0713984e+03
   1.4886571e+03   9.8277917e+02
   1.4825455e+03   9.1249499e+02
   1.4397638e+03   8.4221081e+02
   1.3572563e+03   7.9331747e+02
   1.2655812e+03   7.9331747e+02
