   1.2905716e+03   7.6018194e+02
   1.2696256e+03   7.7414592e+02
   1.2436925e+03   7.9409447e+02
   1.2267362e+03   8.2501473e+02
   1.2097800e+03   8.5493755e+02
   1.2157645e+03   8.8785266e+02
   1.2247414e+03   9.0680379e+02
   1.2357131e+03   9.3373433e+02
   1.2586539e+03   9.4370861e+02
   1.2925665e+03   9.5966745e+02
   1.3274764e+03   9.5966745e+02
   1.3633838e+03   9.4969317e+02
   1.3893169e+03   9.1079350e+02
   1.3873221e+03   8.7488610e+02
   1.3853272e+03   8.2900444e+02
   1.3803401e+03   7.8810991e+02
   1.3544070e+03   7.5918451e+02
