   9.6557162e+02   5.9689092e+02
   1.0479292e+03   6.0122553e+02
   1.1064464e+03   6.2506588e+02
   1.1649636e+03   6.6841197e+02
   1.2039751e+03   7.3126380e+02
   1.2278155e+03   8.1578868e+02
   1.2061424e+03   9.4149235e+02
   1.1758002e+03   1.0021769e+03
   1.1302868e+03   1.0736979e+03
   1.0739368e+03   1.1278805e+03
   9.6773893e+02   1.1517209e+03
   8.8538135e+02   1.1235459e+03
   8.4203526e+02   1.0758652e+03
   8.0519108e+02   1.0303518e+03
   7.8568534e+02   9.7616922e+02
   7.6401230e+02   9.0681547e+02
   7.6401230e+02   8.2879251e+02
   7.6834691e+02   7.4643493e+02
   8.1602761e+02   6.6841197e+02
   8.8104674e+02   6.2073127e+02
