   1.2883081e+03   3.9501824e+02
   1.2446072e+03   3.9406823e+02
   1.1733559e+03   4.1211857e+02
   1.1201549e+03   4.6531956e+02
   1.0793041e+03   5.3372085e+02
   1.0375034e+03   6.1637240e+02
   1.0289532e+03   6.9807393e+02
   1.0441535e+03   7.7692541e+02
   1.0783541e+03   8.3392648e+02
   1.1230050e+03   8.7572726e+02
   1.1838061e+03   9.1657803e+02
   1.2588575e+03   9.2987828e+02
   1.3434091e+03   9.1752805e+02
   1.4061103e+03   8.8142737e+02
   1.4688114e+03   8.2537632e+02
   1.5134623e+03   7.5982509e+02
   1.5324626e+03   6.8382366e+02
   1.5448129e+03   6.0972227e+02
   1.5315126e+03   5.6032135e+02
   1.5172624e+03   4.8907001e+02
   1.4716615e+03   4.2066873e+02
   1.3909100e+03   3.9311821e+02
