   1.0150029e+03   7.7498246e+02
   9.7833286e+02   7.9637330e+02
   9.3860701e+02   8.2998747e+02
   9.0804868e+02   8.7582498e+02
   8.8665784e+02   9.2777416e+02
   8.7749034e+02   1.0072258e+03
   8.9276951e+02   1.0744542e+03
   9.2332784e+02   1.1355709e+03
   9.7527702e+02   1.1691850e+03
   1.0302820e+03   1.1875200e+03
   1.1066779e+03   1.1966875e+03
   1.2075204e+03   1.1630734e+03
   1.2594696e+03   1.1172359e+03
   1.3022513e+03   1.0561192e+03
   1.3205863e+03   9.8277917e+02
   1.3175304e+03   9.1249499e+02
   1.2991954e+03   8.6360165e+02
   1.2778046e+03   8.3609914e+02
   1.2350229e+03   7.8720580e+02
   1.1769621e+03   7.5970329e+02
   1.1005662e+03   7.4136829e+02
   1.0577845e+03   7.4747996e+02
