   1.2733289e+03   6.5324084e+02
   1.2191463e+03   6.7057928e+02
   1.1758002e+03   6.9008502e+02
   1.1346214e+03   7.4860224e+02
   1.0999445e+03   7.9628294e+02
   1.0869407e+03   8.4613094e+02
   1.0847734e+03   9.1548469e+02
   1.1064464e+03   9.7183461e+02
   1.1519598e+03   1.0368537e+03
   1.2191463e+03   1.0953710e+03
   1.2841654e+03   1.1127094e+03
   1.3730249e+03   1.1105421e+03
   1.4575498e+03   1.0585268e+03
   1.4943939e+03   9.8267113e+02
   1.5182343e+03   8.8514243e+02
   1.5182343e+03   8.0061755e+02
   1.4813901e+03   7.3776572e+02
   1.4207056e+03   6.7708119e+02
   1.3426826e+03   6.5107353e+02
