   1.1341804e+03   7.9331747e+02
   1.0975104e+03   8.1470830e+02
   1.0608404e+03   8.6360165e+02
   1.0425054e+03   9.0027165e+02
   1.0425054e+03   9.6444417e+02
   1.0638962e+03   1.0163933e+03
   1.1127895e+03   1.0591750e+03
   1.1555712e+03   1.0866775e+03
   1.2289112e+03   1.1019567e+03
   1.2808604e+03   1.0897334e+03
   1.3175304e+03   1.0469517e+03
   1.3480888e+03   9.7666750e+02
   1.3603121e+03   9.3694166e+02
   1.3511446e+03   8.9110415e+02
   1.3297538e+03   8.4526664e+02
   1.2930838e+03   8.0248497e+02
   1.2594696e+03   7.7803830e+02
   1.2227996e+03   7.7803830e+02
