   1.4214288e+03   7.5970329e+02
   1.3572563e+03   7.5053579e+02
   1.2778046e+03   7.8109413e+02
   1.2289112e+03   8.3304331e+02
   1.1830737e+03   9.1249499e+02
   1.1616829e+03   9.8277917e+02
   1.1616829e+03   1.0530634e+03
   1.1983529e+03   1.1416825e+03
   1.2533579e+03   1.2211342e+03
   1.3297538e+03   1.2730834e+03
   1.4214288e+03   1.2700276e+03
   1.5039363e+03   1.2272459e+03
   1.5711646e+03   1.1202917e+03
   1.6047788e+03   9.9194667e+02
   1.5956113e+03   8.9110415e+02
   1.5589413e+03   8.1470830e+02
