   1.3160420e+03   7.3156551e+02
   1.2429837e+03   7.3474196e+02
   1.2096309e+03   7.8238873e+02
   1.1953369e+03   8.3638840e+02
   1.1953369e+03   8.6180001e+02
   1.1953369e+03   9.0150565e+02
   1.1969251e+03   9.3644661e+02
   1.2318661e+03   9.8250515e+02
   1.2652188e+03   1.0015639e+03
   1.3192185e+03   1.0190343e+03
   1.3748064e+03   1.0190343e+03
   1.4065709e+03   9.9044628e+02
   1.4288060e+03   9.4597597e+02
   1.4415118e+03   8.8244694e+02
   1.4383354e+03   8.3638840e+02
   1.4113356e+03   7.8556518e+02
   1.3763946e+03   7.5221245e+02
