   1.4703221e+03   8.2998747e+02
   1.4214288e+03   8.6971331e+02
   1.3725354e+03   9.2777416e+02
   1.3725354e+03   1.0255608e+03
   1.4000379e+03   1.0927892e+03
   1.4275404e+03   1.1661292e+03
   1.4611546e+03   1.2211342e+03
   1.5222713e+03   1.2547484e+03
   1.6017230e+03   1.2791951e+03
   1.6475605e+03   1.2547484e+03
   1.7056213e+03   1.1997434e+03
   1.7484030e+03   1.1294592e+03
   1.7514588e+03   1.0316725e+03
   1.7392355e+03   9.6750000e+02
   1.6995097e+03   8.9415999e+02
   1.6475605e+03   8.4832248e+02
   1.5986671e+03   8.2081997e+02
