   1.1005662e+03   9.5527666e+02
   1.0730637e+03   1.0011142e+03
   1.0455612e+03   1.0500075e+03
   1.0363937e+03   1.1202917e+03
   1.0363937e+03   1.2180784e+03
   1.0700079e+03   1.2761392e+03
   1.1311246e+03   1.3311442e+03
   1.2044646e+03   1.3494792e+03
   1.2900279e+03   1.3403117e+03
   1.3511446e+03   1.2883626e+03
   1.3878146e+03   1.2058550e+03
   1.4244846e+03   1.1233475e+03
   1.4336521e+03   1.0408400e+03
   1.4122613e+03   9.6750000e+02
   1.3572563e+03   9.1249499e+02
   1.2869721e+03   8.9415999e+02
   1.2014087e+03   9.0332749e+02
