   1.2227996e+03   7.7803830e+02
   1.1800179e+03   7.9942913e+02
   1.1402921e+03   8.3915497e+02
   1.1189012e+03   8.9110415e+02
   1.1097337e+03   9.4305333e+02
   1.1097337e+03   1.0133375e+03
   1.1311246e+03   1.0652867e+03
   1.1616829e+03   1.1202917e+03
   1.2166879e+03   1.1630734e+03
   1.2930838e+03   1.1905759e+03
   1.3694796e+03   1.1875200e+03
   1.4336521e+03   1.1539059e+03
   1.4856013e+03   1.0866775e+03
   1.5039363e+03   1.0163933e+03
   1.5039363e+03   9.6138833e+02
   1.4856013e+03   8.9721582e+02
   1.4458754e+03   8.4221081e+02
   1.4000379e+03   7.9942913e+02
   1.3480888e+03   7.7192663e+02
   1.2961396e+03   7.6581496e+02
