   1.3191014e+03   8.2015948e+02
   1.2809402e+03   8.2254455e+02
   1.2356238e+03   8.4401021e+02
   1.2070030e+03   8.7620871e+02
   1.1676492e+03   9.1317735e+02
   1.1366433e+03   9.5610867e+02
   1.1187552e+03   1.0026176e+03
   1.1068299e+03   1.0443564e+03
   1.1068299e+03   1.0837101e+03
   1.1163702e+03   1.1397593e+03
   1.1437985e+03   1.1862683e+03
   1.1736119e+03   1.2280071e+03
   1.2129656e+03   1.2566279e+03
   1.2523194e+03   1.2864414e+03
   1.3047910e+03   1.3007518e+03
   1.3870760e+03   1.3079070e+03
   1.4514730e+03   1.2959816e+03
   1.5182551e+03   1.2542429e+03
   1.5564162e+03   1.1958086e+03
   1.5862296e+03   1.1576474e+03
   1.6005401e+03   1.1039832e+03
   1.5981550e+03   1.0372012e+03
   1.5886147e+03   9.7518926e+02
   1.5647640e+03   9.2868032e+02
   1.5349506e+03   8.8813407e+02
   1.4848640e+03   8.5712812e+02
   1.4395476e+03   8.2492962e+02
   1.3799208e+03   8.1181172e+02
