   1.2475945e+03   7.3150678e+02
   1.2246555e+03   7.3494763e+02
   1.2051573e+03   7.4068238e+02
   1.1868061e+03   7.5444579e+02
   1.1684549e+03   7.8197260e+02
   1.1535446e+03   8.1408721e+02
   1.1501037e+03   8.2670367e+02
   1.1627202e+03   8.5537743e+02
   1.1868061e+03   8.7831644e+02
   1.2085982e+03   8.8863899e+02
   1.2361250e+03   8.9552070e+02
   1.2556232e+03   9.0010850e+02
   1.2820030e+03   8.9322680e+02
   1.2957664e+03   8.7487559e+02
   1.3095298e+03   8.5423048e+02
   1.3198524e+03   8.3473232e+02
   1.3209993e+03   7.9917685e+02
   1.3209993e+03   7.7394394e+02
   1.2969134e+03   7.5788664e+02
   1.2785622e+03   7.4527018e+02
