   1.0150029e+03   8.1470830e+02
   9.6305369e+02   8.7888082e+02
   9.5388618e+02   9.5833250e+02
   9.6610952e+02   1.0316725e+03
   9.8444452e+02   1.0989009e+03
   1.0394495e+03   1.1539059e+03
   1.0852870e+03   1.1783525e+03
   1.1647387e+03   1.2119667e+03
   1.2472462e+03   1.2089109e+03
   1.3022513e+03   1.1691850e+03
   1.3480888e+03   1.0897334e+03
   1.3755913e+03   1.0011142e+03
   1.3755913e+03   9.4916500e+02
   1.3572563e+03   8.8804832e+02
   1.3205863e+03   8.2998747e+02
   1.2594696e+03   7.8720580e+02
   1.1983529e+03   7.6275913e+02
   1.1372362e+03   7.5359162e+02
   1.0822312e+03   7.6275913e+02
