   1.2227996e+03   6.9553078e+02
   1.1739062e+03   7.3220079e+02
   1.1372362e+03   7.7803830e+02
   1.1066779e+03   8.5748998e+02
   1.1097337e+03   9.3999749e+02
   1.1402921e+03   1.0102817e+03
   1.1922412e+03   1.0652867e+03
   1.2625254e+03   1.0927892e+03
   1.3328096e+03   1.0927892e+03
   1.4092054e+03   1.0438958e+03
   1.4703221e+03   9.7361167e+02
   1.4917130e+03   8.9721582e+02
   1.4764338e+03   7.9026163e+02
   1.4580988e+03   7.3220079e+02
   1.4000379e+03   6.8330744e+02
   1.3511446e+03   6.5886077e+02
   1.2961396e+03   6.5580494e+02
