   1.3572563e+03   1.1569617e+03
   1.4061496e+03   1.2027992e+03
   1.4703221e+03   1.2394692e+03
   1.5497738e+03   1.2303017e+03
   1.6383930e+03   1.1508500e+03
   1.6903422e+03   1.0622309e+03
   1.7025655e+03   9.5833250e+02
   1.6964538e+03   8.6360165e+02
   1.6536722e+03   8.0554080e+02
   1.5803321e+03   7.4747996e+02
   1.5253271e+03   7.3831245e+02
   1.4611546e+03   7.3831245e+02
   1.3847588e+03   7.6581496e+02
   1.3266979e+03   8.4221081e+02
   1.2900279e+03   9.1555082e+02
   1.2930838e+03   9.9500251e+02
   1.3144746e+03   1.0683425e+03
