   1.1339382e+03   8.4337839e+02
   1.1868019e+03   8.2741954e+02
   1.2685909e+03   8.2442726e+02
   1.3314289e+03   8.3839125e+02
   1.3972591e+03   8.7928578e+02
   1.4421433e+03   9.4112628e+02
   1.4770533e+03   1.0259076e+03
   1.4630893e+03   1.1206632e+03
   1.4182051e+03   1.2004574e+03
   1.3334237e+03   1.2603031e+03
   1.2446527e+03   1.2972079e+03
   1.1538868e+03   1.2932182e+03
   1.0870591e+03   1.2533211e+03
   1.0501543e+03   1.2154189e+03
   1.0242212e+03   1.1735269e+03
   1.0032752e+03   1.0887456e+03
   1.0122521e+03   9.8202081e+02
   1.0411774e+03   9.1818545e+02
   1.0890540e+03   8.7729092e+02
