   1.6200580e+03   8.0859664e+02
   1.5681088e+03   7.7192663e+02
   1.4764338e+03   7.6887079e+02
   1.3969821e+03   7.8720580e+02
   1.3358654e+03   8.1776414e+02
   1.2900279e+03   8.9721582e+02
   1.2869721e+03   9.8277917e+02
   1.3053071e+03   1.0561192e+03
   1.3175304e+03   1.1050125e+03
   1.3542004e+03   1.1416825e+03
   1.3878146e+03   1.1661292e+03
   1.4275404e+03   1.1783525e+03
   1.4917130e+03   1.1966875e+03
   1.5894996e+03   1.1325150e+03
   1.6383930e+03   1.0836217e+03
   1.6781188e+03   9.9194667e+02
   1.6781188e+03   9.0332749e+02
