   1.4642105e+03   1.2211342e+03
   1.5436621e+03   1.1630734e+03
   1.5956113e+03   1.0866775e+03
   1.6139463e+03   1.0072258e+03
   1.5956113e+03   9.2777416e+02
   1.5375505e+03   8.5137831e+02
   1.4856013e+03   8.0859664e+02
   1.4305963e+03   7.8414996e+02
   1.3755913e+03   7.7803830e+02
   1.2961396e+03   7.8720580e+02
   1.2319671e+03   8.3304331e+02
   1.1769621e+03   8.7276915e+02
   1.1311246e+03   9.5833250e+02
   1.1311246e+03   1.0316725e+03
   1.1555712e+03   1.1050125e+03
   1.2136321e+03   1.1630734e+03
   1.2869721e+03   1.2089109e+03
   1.3603121e+03   1.2394692e+03
