   1.2961396e+03   7.2608912e+02
   1.2533579e+03   7.5970329e+02
   1.2166879e+03   8.1165247e+02
   1.1983529e+03   8.7276915e+02
   1.1983529e+03   9.5833250e+02
   1.2166879e+03   1.0286167e+03
   1.2625254e+03   1.0927892e+03
   1.3236421e+03   1.1508500e+03
   1.3908704e+03   1.1752967e+03
   1.4703221e+03   1.1691850e+03
   1.5436621e+03   1.1172359e+03
   1.5925555e+03   1.0438958e+03
   1.6231138e+03   9.4916500e+02
   1.6231138e+03   8.3915497e+02
   1.6047788e+03   7.8109413e+02
   1.5619971e+03   7.2914495e+02
   1.5039363e+03   6.8941911e+02
   1.4428196e+03   6.6802827e+02
   1.4061496e+03   6.6191661e+02
   1.3480888e+03   6.7719578e+02
