   1.0769089e+03   5.7854222e+02
   1.1048296e+03   5.5823627e+02
   1.2837758e+03   5.5315979e+02
   1.3637304e+03   6.0519377e+02
   1.4271865e+03   6.6738074e+02
   1.4563763e+03   7.5621926e+02
   1.4500307e+03   8.5774899e+02
   1.4208409e+03   9.4531839e+02
   1.3853055e+03   1.0240039e+03
   1.3104273e+03   1.0811144e+03
   1.2050902e+03   1.0912674e+03
   1.1060987e+03   1.0493864e+03
   1.0388353e+03   9.9354502e+02
   9.8680129e+02   9.1993596e+02
   9.6395710e+02   8.1586798e+02
   9.7537920e+02   6.9657054e+02
