   1.3394488e+03   7.3289614e+02
   1.3865486e+03   7.3513899e+02
   1.4448625e+03   7.6429596e+02
   1.5155121e+03   8.2036707e+02
   1.5626118e+03   8.9662378e+02
   1.5794332e+03   1.0121303e+03
   1.5603690e+03   1.1164225e+03
   1.4908408e+03   1.1982864e+03
   1.4100984e+03   1.2498718e+03
   1.3203846e+03   1.2633288e+03
   1.2530993e+03   1.2352933e+03
   1.2015139e+03   1.1859507e+03
   1.1588998e+03   1.1276368e+03
   1.1331071e+03   1.0749299e+03
   1.1263786e+03   9.9979462e+02
   1.1488070e+03   9.2017365e+02
   1.1701141e+03   8.7195249e+02
   1.2093638e+03   8.1812423e+02
   1.2710421e+03   7.5756743e+02
