   1.1550222e+03   6.9747167e+02
   1.1103021e+03   7.2330996e+02
   1.0556442e+03   7.6703631e+02
   1.0327872e+03   8.1871290e+02
   1.0298059e+03   8.8529621e+02
   1.0298059e+03   9.4094792e+02
   1.0417312e+03   9.9163074e+02
   1.0516691e+03   1.0293944e+03
   1.0755198e+03   1.0631829e+03
   1.1053332e+03   1.0999528e+03
   1.1361404e+03   1.1267849e+03
   1.1977548e+03   1.1516294e+03
   1.2862013e+03   1.1496419e+03
   1.3378779e+03   1.1188347e+03
   1.3845856e+03   1.0850461e+03
   1.4193679e+03   1.0224379e+03
   1.4422248e+03   9.4392926e+02
   1.4422248e+03   8.7038950e+02
   1.4243368e+03   8.1970668e+02
   1.3895545e+03   7.6405497e+02
   1.3339028e+03   7.1834106e+02
   1.2802386e+03   6.8952142e+02
   1.2176304e+03   6.8256496e+02
