   1.3799072e+03   7.3320105e+02
   1.3272004e+03   7.3880816e+02
   1.2700079e+03   7.6908656e+02
   1.2262724e+03   8.1057918e+02
   1.1926297e+03   8.5880033e+02
   1.1825369e+03   9.2496424e+02
   1.1724441e+03   9.8439962e+02
   1.1847798e+03   1.0819633e+03
   1.1892655e+03   1.1290631e+03
   1.2150582e+03   1.1918627e+03
   1.2801007e+03   1.2221411e+03
   1.3339289e+03   1.2333553e+03
   1.4146713e+03   1.2456910e+03
   1.4797138e+03   1.2288697e+03
   1.5155993e+03   1.1873770e+03
   1.5559705e+03   1.1268202e+03
   1.5761561e+03   1.0797205e+03
   1.5963417e+03   1.0090709e+03
   1.6064345e+03   9.3281420e+02
   1.5929775e+03   8.6328602e+02
   1.5593348e+03   8.1842913e+02
   1.5256921e+03   7.6908656e+02
   1.4595282e+03   7.3880816e+02
