   1.2075204e+03   1.0805659e+03
   1.2258554e+03   1.1294592e+03
   1.2839162e+03   1.1600175e+03
   1.4061496e+03   1.1539059e+03
   1.4947688e+03   1.1264034e+03
   1.5375505e+03   1.0866775e+03
   1.5772763e+03   1.0041700e+03
   1.5833880e+03   9.1249499e+02
   1.5558855e+03   8.3915497e+02
   1.4886571e+03   7.8414996e+02
   1.4030938e+03   7.4442412e+02
   1.3603121e+03   7.5359162e+02
   1.3266979e+03   7.6581496e+02
   1.2961396e+03   7.8414996e+02
   1.2625254e+03   8.1776414e+02
   1.2350229e+03   8.5443414e+02
   1.2166879e+03   8.9110415e+02
   1.2014087e+03   9.4305333e+02
   1.1983529e+03   1.0011142e+03
