   1.0822312e+03   8.1165247e+02
   1.0516729e+03   8.3915497e+02
   1.0241704e+03   8.7582498e+02
   9.9666786e+02   9.3999749e+02
   9.9055619e+02   1.0011142e+03
   1.0119470e+03   1.0652867e+03
   1.0455612e+03   1.1325150e+03
   1.0913987e+03   1.1844642e+03
   1.1464037e+03   1.2058550e+03
   1.2289112e+03   1.2150225e+03
   1.3053071e+03   1.1875200e+03
   1.3817029e+03   1.1294592e+03
   1.4244846e+03   1.0622309e+03
   1.4550429e+03   1.0011142e+03
   1.4580988e+03   9.3694166e+02
   1.4397638e+03   8.5748998e+02
   1.4000379e+03   8.1165247e+02
   1.3480888e+03   7.7803830e+02
   1.3022513e+03   7.5664746e+02
   1.2472462e+03   7.4442412e+02
   1.1769621e+03   7.5359162e+02
   1.1402921e+03   7.6887079e+02
