   1.2982138e+03   8.9908030e+02
   1.2743449e+03   9.0125021e+02
   1.2526458e+03   9.1969441e+02
   1.2309467e+03   9.3271385e+02
   1.2135875e+03   9.4790320e+02
   1.2070778e+03   9.7068721e+02
   1.1962282e+03   9.9889600e+02
   1.1918884e+03   1.0151703e+03
   1.1918884e+03   1.0303596e+03
   1.2027380e+03   1.0466339e+03
   1.2168424e+03   1.0574835e+03
   1.2352866e+03   1.0639932e+03
   1.2548157e+03   1.0835223e+03
   1.2895342e+03   1.0846073e+03
   1.3155731e+03   1.0726728e+03
   1.3296775e+03   1.0509737e+03
   1.3405270e+03   1.0249349e+03
   1.3448668e+03   9.8587656e+02
   1.3459518e+03   9.6092263e+02
   1.3448668e+03   9.2511918e+02
