   1.0371180e+03   7.7156348e+02
   1.0760086e+03   7.6161473e+02
   1.1402232e+03   7.5528371e+02
   1.2207176e+03   7.6432803e+02
   1.2704613e+03   7.8241666e+02
   1.3156829e+03   8.2130722e+02
   1.3627134e+03   8.6562436e+02
   1.3979862e+03   9.4340548e+02
   1.3880374e+03   1.0311353e+03
   1.3627134e+03   1.1052987e+03
   1.3120652e+03   1.1812710e+03
   1.2379018e+03   1.2228748e+03
   1.1619295e+03   1.2409635e+03
   1.1013326e+03   1.2319191e+03
   1.0488756e+03   1.2129261e+03
   9.8827869e+02   1.1523292e+03
   9.4848370e+02   1.0863057e+03
   9.2768178e+02   9.7596501e+02
   9.3853496e+02   8.8371299e+02
   9.8466096e+02   8.1678506e+02
