   1.1236441e+03   7.6469948e+02
   1.0910736e+03   8.2357688e+02
   1.0772938e+03   8.9623410e+02
   1.0697775e+03   9.6262776e+02
   1.0985899e+03   1.0428012e+03
   1.1599727e+03   1.1392600e+03
   1.2464097e+03   1.1768413e+03
   1.3516374e+03   1.1868630e+03
   1.4518543e+03   1.1718304e+03
   1.5182480e+03   1.1154585e+03
   1.5708618e+03   1.0528229e+03
   1.5984214e+03   9.4884794e+02
   1.5909052e+03   8.5865278e+02
   1.5683564e+03   7.7847930e+02
   1.4969519e+03   7.0707479e+02
   1.4155257e+03   6.7325160e+02
   1.3153088e+03   6.7074618e+02
   1.2288718e+03   6.9204226e+02
