   1.1158454e+03   8.1776414e+02
   1.0730637e+03   8.7582498e+02
   1.0425054e+03   9.4305333e+02
   1.0394495e+03   1.0255608e+03
   1.0577845e+03   1.0927892e+03
   1.0975104e+03   1.1447384e+03
   1.1708504e+03   1.1936317e+03
   1.2503021e+03   1.2027992e+03
   1.3266979e+03   1.1875200e+03
   1.3664238e+03   1.0836217e+03
   1.3725354e+03   9.7666750e+02
   1.3694796e+03   8.9110415e+02
   1.3328096e+03   8.3915497e+02
   1.2869721e+03   8.1165247e+02
   1.2136321e+03   7.9026163e+02
   1.1830737e+03   7.9026163e+02
