   1.1145566e+03   6.5667501e+02
   1.0624971e+03   6.8062239e+02
   1.0187671e+03   7.2435239e+02
   9.9898451e+02   7.8057667e+02
   9.9065499e+02   8.5450118e+02
   1.0010669e+03   9.1801379e+02
   1.0125200e+03   9.6070260e+02
   1.0385497e+03   1.0013090e+03
   1.0770738e+03   1.0356683e+03
   1.1197626e+03   1.0731512e+03
   1.1936871e+03   1.0877278e+03
   1.2603233e+03   1.0669040e+03
   1.3144652e+03   1.0283800e+03
   1.3550716e+03   9.7319688e+02
   1.3800602e+03   8.7948975e+02
   1.3654835e+03   7.7641191e+02
   1.3321654e+03   7.0873453e+02
   1.2728176e+03   6.6500454e+02
   1.2061814e+03   6.4522192e+02
