   1.1577138e+03   7.1424040e+02
   1.2181065e+03   6.9813568e+02
   1.2966170e+03   7.0316840e+02
   1.3741210e+03   7.4242365e+02
   1.4274678e+03   8.0080325e+02
   1.4697427e+03   8.8736610e+02
   1.4566576e+03   9.9909257e+02
   1.4012977e+03   1.0765965e+03
   1.3539901e+03   1.1259172e+03
   1.2835319e+03   1.1621528e+03
   1.1848906e+03   1.1752379e+03
   1.1194651e+03   1.1410154e+03
   1.0550463e+03   1.0896816e+03
   1.0198172e+03   1.0222431e+03
   1.0037125e+03   9.4373261e+02
   1.0037125e+03   8.6622866e+02
   1.0399481e+03   7.9577052e+02
   1.0983277e+03   7.4041056e+02
