   1.3806741e+03   7.2141647e+02
   1.3806741e+03   7.2141647e+02
   1.4252830e+03   7.2749951e+02
   1.4780026e+03   7.4169325e+02
   1.5327499e+03   7.7616376e+02
   1.5793865e+03   8.3293872e+02
   1.6077739e+03   9.2012884e+02
   1.6006771e+03   1.0499002e+03
   1.5540405e+03   1.1502702e+03
   1.4800303e+03   1.1969068e+03
   1.3958817e+03   1.2293496e+03
   1.2833456e+03   1.2029898e+03
   1.2032523e+03   1.1401318e+03
   1.1697957e+03   1.0671354e+03
   1.1556019e+03   9.6575158e+02
   1.1789202e+03   8.6031236e+02
   1.2316398e+03   7.8832982e+02
   1.3127469e+03   7.4372092e+02
