   1.4337772e+03   4.8367262e+02
   1.3798177e+03   5.0865389e+02
   1.3218611e+03   5.4762468e+02
   1.2858881e+03   5.7960071e+02
   1.2619061e+03   6.4854903e+02
   1.2489158e+03   7.2349286e+02
   1.2639046e+03   8.0643069e+02
   1.2708993e+03   8.5639324e+02
   1.2778941e+03   8.9736253e+02
   1.3028753e+03   9.3633332e+02
   1.3708244e+03   9.7330560e+02
   1.4267825e+03   1.0042824e+03
   1.5327031e+03   1.0022839e+03
   1.6096454e+03   9.7330560e+02
   1.6466177e+03   9.0535654e+02
   1.6935825e+03   8.2941346e+02
   1.7155660e+03   7.3348537e+02
   1.7115690e+03   6.3855652e+02
   1.6755960e+03   5.6760970e+02
   1.6266327e+03   5.2464191e+02
   1.5576844e+03   5.0065988e+02
   1.5067226e+03   4.8567112e+02
