   1.2392969e+03   5.5584951e+02
   1.1614812e+03   5.9527616e+02
   1.1116791e+03   6.4300316e+02
   1.0722525e+03   7.1251857e+02
   1.0566893e+03   7.8410907e+02
   1.0546142e+03   8.5362448e+02
   1.0743275e+03   9.1380200e+02
   1.1106416e+03   9.7294198e+02
   1.1780819e+03   1.0144437e+03
   1.2507099e+03   1.0455700e+03
   1.3409762e+03   1.0445325e+03
   1.4146418e+03   1.0185939e+03
   1.4540684e+03   9.7916724e+02
   1.5069832e+03   9.1380200e+02
   1.5370719e+03   8.2976098e+02
   1.5453723e+03   7.4883259e+02
   1.5142460e+03   6.6894175e+02
   1.4602937e+03   6.1913966e+02
   1.3959660e+03   5.7037512e+02
   1.3274881e+03   5.5066179e+02
