   1.2846351e+03   6.1408392e+02
   1.2519515e+03   6.3397829e+02
   1.2121627e+03   6.5955678e+02
   1.1666899e+03   7.0645067e+02
   1.1482165e+03   7.7465996e+02
   1.1439534e+03   8.5565850e+02
   1.1510586e+03   9.0823650e+02
   1.1723740e+03   9.7076169e+02
   1.2221099e+03   1.0105504e+03
   1.2903192e+03   1.0389710e+03
   1.3627916e+03   1.0631284e+03
   1.4381060e+03   1.0446551e+03
   1.4892630e+03   1.0162345e+03
   1.5162625e+03   9.6365655e+02
   1.5489461e+03   9.1249958e+02
   1.5659984e+03   8.4002720e+02
   1.5716825e+03   7.8744921e+02
   1.5731036e+03   7.3202915e+02
   1.5588933e+03   6.8229321e+02
   1.5290517e+03   6.4676754e+02
   1.4750527e+03   6.2261008e+02
   1.4167906e+03   6.0271570e+02
   1.3599495e+03   5.9561057e+02
