   1.2968700e+03   7.8337091e+02
   1.2502026e+03   8.0859652e+02
   1.2073191e+03   8.5148006e+02
   1.1757870e+03   9.1454409e+02
   1.1619130e+03   1.0255368e+03
   1.1947063e+03   1.0974298e+03
   1.2451575e+03   1.1554487e+03
   1.3145279e+03   1.2134676e+03
   1.3700243e+03   1.2260804e+03
   1.4822782e+03   1.2122063e+03
   1.5566938e+03   1.1428359e+03
   1.5907484e+03   1.0696816e+03
   1.5882258e+03   9.9274350e+02
   1.5667841e+03   9.2589562e+02
   1.5314682e+03   8.6913799e+02
   1.5037200e+03   8.1616420e+02
   1.4368721e+03   7.6823554e+02
   1.3611953e+03   7.6823554e+02
