   1.2471840e+03   5.1796386e+02
   1.1691330e+03   5.5413383e+02
   1.1025042e+03   5.9411117e+02
   1.0606231e+03   6.5502901e+02
   1.0396826e+03   7.4640577e+02
   1.0644305e+03   8.5110831e+02
   1.1120226e+03   9.1773720e+02
   1.1615183e+03   9.6532926e+02
   1.2605098e+03   1.0072103e+03
   1.3918639e+03   9.9388450e+02
   1.4908554e+03   9.2344825e+02
   1.5422548e+03   8.1303466e+02
   1.5384475e+03   6.8548793e+02
   1.4832407e+03   5.8840012e+02
   1.4032860e+03   5.2557859e+02
   1.3309461e+03   4.9702336e+02
