   1.1301097e+03   8.7173584e+02
   1.1418107e+03   8.9253776e+02
   1.1665130e+03   9.1854017e+02
   1.1977159e+03   9.3154137e+02
   1.2393198e+03   9.6014402e+02
   1.2575215e+03   9.9914763e+02
   1.2562213e+03   1.0394514e+03
   1.2471205e+03   1.0563529e+03
   1.2185178e+03   1.0732545e+03
   1.1665130e+03   1.0797551e+03
   1.1314098e+03   1.0706543e+03
   1.1093077e+03   1.0316506e+03
   1.0898059e+03   9.8224607e+02
   1.0742045e+03   9.4454258e+02
   1.0729044e+03   9.1724005e+02
   1.1054074e+03   8.7303596e+02
