   1.2791874e+03   6.1318335e+02
   1.3429772e+03   6.1318335e+02
   1.4224833e+03   6.4461599e+02
   1.4613118e+03   6.8899149e+02
   1.5010649e+03   7.5000779e+02
   1.5204792e+03   8.2396696e+02
   1.5167812e+03   8.9422816e+02
   1.5038384e+03   9.5247100e+02
   1.4705567e+03   1.0079404e+03
   1.4215588e+03   1.0615608e+03
   1.3549955e+03   1.0892954e+03
   1.2801119e+03   1.0791261e+03
   1.2264915e+03   1.0532404e+03
   1.1793425e+03   1.0162608e+03
   1.1451364e+03   9.7650773e+02
   1.1155528e+03   9.1734040e+02
   1.1118548e+03   8.6002205e+02
   1.1090813e+03   7.9900574e+02
   1.1155528e+03   7.4630984e+02
   1.1405140e+03   6.9084047e+02
   1.1765691e+03   6.4923844e+02
