   1.1570031e+03   7.6552431e+02
   1.0834816e+03   7.8915623e+02
   1.0152116e+03   8.3510719e+02
   9.6007044e+02   8.9943853e+02
   9.2856121e+02   9.6245699e+02
   9.4037717e+02   1.0845552e+03
   9.9420544e+02   1.1567639e+03
   1.0572239e+03   1.2132179e+03
   1.1517516e+03   1.2486658e+03
   1.2462793e+03   1.2434143e+03
   1.3408070e+03   1.1830216e+03
   1.3815064e+03   1.1068743e+03
   1.3972610e+03   9.9659199e+02
   1.3710033e+03   8.9549988e+02
   1.3158621e+03   8.3642008e+02
   1.2410277e+03   7.9046912e+02
