   1.2203916e+03   8.7376439e+02
   1.1673839e+03   8.8623679e+02
   1.1029431e+03   9.4963817e+02
   1.0551323e+03   1.0192758e+03
   1.0499354e+03   1.1097007e+03
   1.0811164e+03   1.2011650e+03
   1.1382816e+03   1.2645663e+03
   1.1840138e+03   1.3051017e+03
   1.1840138e+03   1.3051017e+03
   1.2359821e+03   1.3290071e+03
   1.2754780e+03   1.3352433e+03
   1.3368007e+03   1.3362827e+03
   1.4251469e+03   1.3206922e+03
   1.4688003e+03   1.2915899e+03
   1.4958238e+03   1.2614482e+03
   1.5238867e+03   1.2115586e+03
   1.5488315e+03   1.1523147e+03
   1.5509103e+03   1.0899527e+03
   1.5332410e+03   1.0286301e+03
   1.4999813e+03   9.6626805e+02
   1.4542492e+03   9.1949653e+02
   1.3939659e+03   8.8415806e+02
   1.3170527e+03   8.5921325e+02
