   1.1127895e+03   7.3831245e+02
   1.0455612e+03   7.6581496e+02
   9.8138869e+02   8.2081997e+02
   9.1721618e+02   9.1249499e+02
   8.9582534e+02   1.0102817e+03
   9.0804868e+02   1.1172359e+03
   9.8444452e+02   1.2027992e+03
   1.0883429e+03   1.2639159e+03
   1.1983529e+03   1.2608601e+03
   1.3205863e+03   1.2089109e+03
   1.3908704e+03   1.1386267e+03
   1.4244846e+03   1.0072258e+03
   1.4183729e+03   9.0332749e+02
   1.3694796e+03   8.2081997e+02
   1.2961396e+03   7.5970329e+02
   1.2197437e+03   7.4136829e+02
