   1.0577845e+03   7.9331747e+02
   1.0333379e+03   8.3609914e+02
   1.0180587e+03   8.8804832e+02
   1.0180587e+03   9.5222083e+02
   1.0272262e+03   1.0286167e+03
   1.0547287e+03   1.0805659e+03
   1.1127895e+03   1.1264034e+03
   1.1677946e+03   1.1386267e+03
   1.2411346e+03   1.1416825e+03
   1.3297538e+03   1.1202917e+03
   1.3786471e+03   1.0775100e+03
   1.4183729e+03   1.0591750e+03
   1.4519871e+03   9.8889084e+02
   1.4672663e+03   9.0027165e+02
   1.4336521e+03   8.1776414e+02
   1.4000379e+03   7.6887079e+02
   1.3450329e+03   7.1386578e+02
   1.3022513e+03   7.0164245e+02
   1.2472462e+03   6.9553078e+02
   1.1952971e+03   7.0469828e+02
   1.1402921e+03   7.1386578e+02
   1.1127895e+03   7.3831245e+02
