   1.1433479e+03   6.5580494e+02
   1.1097337e+03   6.9858661e+02
   1.0761195e+03   7.6887079e+02
   1.0761195e+03   8.4221081e+02
   1.1066779e+03   9.1860666e+02
   1.1341804e+03   9.7055583e+02
   1.2105762e+03   1.0347283e+03
   1.2900279e+03   1.0744542e+03
   1.4030938e+03   1.0530634e+03
   1.4764338e+03   9.6138833e+02
   1.5069921e+03   8.7888082e+02
   1.5100480e+03   7.7192663e+02
   1.4947688e+03   6.9858661e+02
   1.4336521e+03   6.0385576e+02
   1.3633679e+03   5.6718575e+02
   1.2808604e+03   5.6718575e+02
   1.2075204e+03   5.9774409e+02
