   1.4530852e+03   7.5647754e+02
   1.3972712e+03   7.6039431e+02
   1.3287277e+03   7.8879091e+02
   1.2670386e+03   8.3187540e+02
   1.2259125e+03   8.9552295e+02
   1.2268917e+03   9.8756710e+02
   1.2357044e+03   1.0639442e+03
   1.2650802e+03   1.1207374e+03
   1.3218734e+03   1.1540299e+03
   1.3806250e+03   1.1745930e+03
   1.4609188e+03   1.2059271e+03
   1.5441502e+03   1.2098439e+03
   1.6215064e+03   1.1755722e+03
   1.6675285e+03   1.1138830e+03
   1.6998419e+03   1.0140053e+03
   1.6900500e+03   9.1706520e+02
   1.6508822e+03   8.4460491e+02
   1.5842971e+03   7.9074930e+02
   1.5088992e+03   7.6920705e+02
