   1.3784728e+03   6.5711798e+02
   1.4227389e+03   6.6238775e+02
   1.4944078e+03   6.8030498e+02
   1.5513214e+03   7.2035525e+02
   1.5966414e+03   7.8359252e+02
   1.6135047e+03   8.4261397e+02
   1.6103428e+03   9.2376847e+02
   1.5934796e+03   1.0070309e+03
   1.5291883e+03   1.0924012e+03
   1.4648971e+03   1.1493147e+03
   1.3847966e+03   1.1767176e+03
   1.2962644e+03   1.1714478e+03
   1.2456746e+03   1.1303436e+03
   1.1824373e+03   1.0755379e+03
   1.1466028e+03   9.9859924e+02
   1.1360633e+03   9.0901311e+02
   1.1539805e+03   8.2153488e+02
   1.2056243e+03   7.4354225e+02
   1.2973183e+03   6.7398125e+02
