   1.2772634e+03   8.8562725e+02
   1.2011599e+03   9.1236633e+02
   1.1456249e+03   9.8024246e+02
   1.1116868e+03   1.0573744e+03
   1.1075731e+03   1.1427338e+03
   1.1178573e+03   1.2496901e+03
   1.1579660e+03   1.2990546e+03
   1.2176147e+03   1.3412201e+03
   1.3276563e+03   1.3607602e+03
   1.4490106e+03   1.3463622e+03
   1.5281994e+03   1.2610028e+03
   1.5857913e+03   1.1458191e+03
   1.5899050e+03   1.0532607e+03
   1.5631659e+03   9.5864551e+02
   1.4736928e+03   8.9076938e+02
   1.3687933e+03   8.8151354e+02
