   1.2347478e+03   6.5234771e+02
   1.3013749e+03   6.7200816e+02
   1.3505260e+03   7.0586781e+02
   1.4018616e+03   7.4955769e+02
   1.4488282e+03   8.2164599e+02
   1.4794112e+03   8.9701103e+02
   1.4859646e+03   9.8220630e+02
   1.4619352e+03   1.0663093e+03
   1.3909392e+03   1.1351209e+03
   1.3177586e+03   1.1941022e+03
   1.2129029e+03   1.1962867e+03
   1.1167852e+03   1.1667960e+03
   1.0763720e+03   1.1285674e+03
   1.0436046e+03   1.0761395e+03
   1.0217597e+03   1.0160660e+03
   9.9773025e+02   9.5053114e+02
   1.0064682e+03   8.6205913e+02
   1.0414201e+03   7.7795611e+02
   1.0851100e+03   7.1242129e+02
   1.1604750e+03   6.6654692e+02
