   1.2104770e+03   6.6841197e+02
   1.1736329e+03   6.9441963e+02
   1.1346214e+03   7.4210033e+02
   1.1172829e+03   7.8544642e+02
   1.1086137e+03   8.8514243e+02
   1.1432906e+03   9.5883078e+02
   1.1974732e+03   1.0303518e+03
   1.2689943e+03   1.0780325e+03
   1.3448499e+03   1.1148767e+03
   1.4575498e+03   1.1148767e+03
   1.5312381e+03   1.0758652e+03
   1.5984246e+03   1.0065115e+03
   1.6179303e+03   9.0681547e+02
   1.5984246e+03   8.2229059e+02
   1.5659150e+03   7.5293685e+02
   1.5247362e+03   6.8791771e+02
   1.4683863e+03   6.5324084e+02
   1.4120364e+03   6.3373510e+02
   1.3296788e+03   6.2073127e+02
   1.2581577e+03   6.3806971e+02
