   1.6200580e+03   9.5527666e+02
   1.5803321e+03   1.0377842e+03
   1.5253271e+03   1.0958450e+03
   1.4519871e+03   1.1325150e+03
   1.3694796e+03   1.1080684e+03
   1.3053071e+03   1.0591750e+03
   1.2564137e+03   9.8583500e+02
   1.2075204e+03   8.9110415e+02
   1.2105762e+03   8.0554080e+02
   1.2441904e+03   7.2303329e+02
   1.3022513e+03   6.6802827e+02
   1.3694796e+03   6.3441410e+02
   1.4550429e+03   6.3441410e+02
   1.5467180e+03   6.6802827e+02
   1.6139463e+03   7.4136829e+02
   1.6475605e+03   8.4526664e+02
