   1.2885000e+03   6.6841197e+02
   1.3296788e+03   6.5107353e+02
   1.4250402e+03   6.5974275e+02
   1.5138997e+03   7.0092154e+02
   1.5615804e+03   7.5943876e+02
   1.5832534e+03   8.4613094e+02
   1.6049265e+03   9.2415391e+02
   1.5940899e+03   1.0260172e+03
   1.5637477e+03   1.1105421e+03
   1.4965612e+03   1.1712266e+03
   1.4228729e+03   1.2080708e+03
   1.3015038e+03   1.2059035e+03
   1.2213136e+03   1.1863978e+03
   1.1736329e+03   1.1257132e+03
   1.1389560e+03   1.0671960e+03
   1.1064464e+03   1.0216826e+03
   1.0826061e+03   9.3715774e+02
   1.0782715e+03   8.4829825e+02
   1.0999445e+03   7.9194833e+02
   1.1367887e+03   7.4426763e+02
   1.1758002e+03   7.1175806e+02
   1.2321501e+03   6.8141580e+02
