   1.3297538e+03   7.1386578e+02
   1.4183729e+03   7.1080995e+02
   1.4856013e+03   7.2608912e+02
   1.5650530e+03   7.8109413e+02
   1.6108905e+03   8.5748998e+02
   1.6139463e+03   9.5222083e+02
   1.5803321e+03   1.0561192e+03
   1.5069921e+03   1.1325150e+03
   1.4061496e+03   1.1752967e+03
   1.3022513e+03   1.1600175e+03
   1.2258554e+03   1.1264034e+03
   1.1250129e+03   1.0469517e+03
   1.1189012e+03   9.3388583e+02
   1.1433479e+03   8.5443414e+02
   1.1952971e+03   7.9331747e+02
   1.2503021e+03   7.5359162e+02
