   1.5314388e+03   3.6244488e+02
   1.4611546e+03   3.4410988e+02
   1.3786471e+03   3.8077988e+02
   1.3205863e+03   4.4800823e+02
   1.3022513e+03   5.4579492e+02
   1.3083629e+03   6.3441410e+02
   1.3236421e+03   7.1386578e+02
   1.3542004e+03   7.9331747e+02
   1.4061496e+03   8.5443414e+02
   1.4764338e+03   8.8804832e+02
   1.5650530e+03   8.8193665e+02
   1.6231138e+03   8.2081997e+02
   1.6689513e+03   7.3220079e+02
   1.6781188e+03   6.5886077e+02
   1.6781188e+03   5.7329742e+02
   1.6536722e+03   4.7551074e+02
   1.6108905e+03   4.0828239e+02
