   1.4458754e+03   8.2387581e+02
   1.4733780e+03   9.1860666e+02
   1.4611546e+03   1.0316725e+03
   1.4244846e+03   1.1233475e+03
   1.3694796e+03   1.1905759e+03
   1.2808604e+03   1.2303017e+03
   1.1952971e+03   1.2303017e+03
   1.1189012e+03   1.1966875e+03
   1.0394495e+03   1.1080684e+03
   1.0150029e+03   1.0530634e+03
   1.0027795e+03   9.1860666e+02
   1.0363937e+03   8.2998747e+02
   1.0944545e+03   7.5053579e+02
   1.1891854e+03   7.2303329e+02
   1.2930838e+03   7.1997745e+02
   1.3847588e+03   7.4136829e+02
