   1.6689478e+03   7.7870846e+02
   1.7098047e+03   7.9553189e+02
   1.7494599e+03   8.2797709e+02
   1.7867118e+03   8.8445576e+02
   1.8011319e+03   9.5655618e+02
   1.7734934e+03   1.0190432e+03
   1.7314348e+03   1.0863370e+03
   1.6905779e+03   1.1151771e+03
   1.6328976e+03   1.1560340e+03
   1.5487804e+03   1.1608407e+03
   1.4826883e+03   1.1223872e+03
   1.4310164e+03   1.0779252e+03
   1.4081846e+03   1.0094298e+03
   1.4093862e+03   9.2411099e+02
   1.4454365e+03   8.6042228e+02
   1.5067218e+03   8.0754863e+02
   1.5884356e+03   7.7870846e+02
