   1.1739062e+03   8.3609914e+02
   1.1280687e+03   8.8804832e+02
   1.0944545e+03   9.4610916e+02
   1.0700079e+03   1.0011142e+03
   1.0577845e+03   1.0744542e+03
   1.0730637e+03   1.1111242e+03
   1.1066779e+03   1.1722409e+03
   1.1616829e+03   1.2241901e+03
   1.2441904e+03   1.2486367e+03
   1.3572563e+03   1.2425251e+03
   1.4550429e+03   1.1600175e+03
   1.5069921e+03   1.0683425e+03
   1.5253271e+03   9.6750000e+02
   1.4825455e+03   8.7582498e+02
   1.4061496e+03   8.1776414e+02
   1.3328096e+03   7.9637330e+02
   1.2625254e+03   8.0248497e+02
