   1.4458754e+03   1.0163933e+03
   1.4947688e+03   9.6444417e+02
   1.5161596e+03   8.6360165e+02
   1.5131038e+03   7.8720580e+02
   1.4917130e+03   7.1386578e+02
   1.4428196e+03   6.6191661e+02
   1.3878146e+03   6.2524660e+02
   1.2930838e+03   6.1607910e+02
   1.2227996e+03   6.6802827e+02
   1.1708504e+03   7.6581496e+02
   1.1494596e+03   8.4832248e+02
   1.1372362e+03   9.3999749e+02
   1.1616829e+03   1.0102817e+03
   1.2197437e+03   1.0561192e+03
   1.2930838e+03   1.0713984e+03
   1.3694796e+03   1.0561192e+03
