   1.4148123e+03   7.6999334e+02
   1.3484077e+03   7.6672754e+02
   1.2798259e+03   8.1571455e+02
   1.2319275e+03   8.6034715e+02
   1.2003581e+03   9.2457456e+02
   1.1970923e+03   9.9968796e+02
   1.2058011e+03   1.0617382e+03
   1.2417249e+03   1.1139910e+03
   1.2776487e+03   1.1575350e+03
   1.3179269e+03   1.1923702e+03
   1.3799771e+03   1.2152308e+03
   1.4518247e+03   1.2261168e+03
   1.5291153e+03   1.2130536e+03
   1.5639505e+03   1.1608008e+03
   1.5966085e+03   1.0867760e+03
   1.6129375e+03   1.0029538e+03
   1.6140261e+03   9.4525796e+02
   1.5846339e+03   8.8103055e+02
   1.5323811e+03   8.2006895e+02
   1.4899257e+03   7.9067675e+02
