   1.2014087e+03   7.0775412e+02
   1.1586271e+03   7.5053579e+02
   1.1158454e+03   8.0248497e+02
   1.1066779e+03   8.6360165e+02
   1.1036220e+03   9.2471832e+02
   1.1250129e+03   1.0011142e+03
   1.1647387e+03   1.0561192e+03
   1.2289112e+03   1.1050125e+03
   1.3144746e+03   1.1264034e+03
   1.4122613e+03   1.1019567e+03
   1.4978246e+03   1.0316725e+03
   1.5467180e+03   9.3388583e+02
   1.5467180e+03   8.1470830e+02
   1.5436621e+03   7.2608912e+02
   1.4947688e+03   6.5274910e+02
   1.4244846e+03   6.1607910e+02
   1.3297538e+03   6.1607910e+02
   1.2594696e+03   6.3746994e+02
