   1.0945048e+03   6.5008287e+02
   1.0490486e+03   7.0726967e+02
   1.0211884e+03   7.8645139e+02
   1.0270537e+03   8.7296475e+02
   1.0505149e+03   9.5507913e+02
   1.1223650e+03   1.0371935e+03
   1.2074121e+03   1.0899813e+03
   1.3188530e+03   1.0929140e+03
   1.3951021e+03   1.0386598e+03
   1.4552215e+03   9.5801178e+02
   1.4757501e+03   8.5976780e+02
   1.4552215e+03   7.7472076e+02
   1.4039000e+03   6.8674107e+02
   1.3305836e+03   6.3102060e+02
   1.2528682e+03   6.0316037e+02
   1.1663549e+03   6.2075631e+02
