   1.1402921e+03   7.5053579e+02
   1.1066779e+03   8.2387581e+02
   1.0975104e+03   8.9110415e+02
   1.1066779e+03   9.9194667e+02
   1.1677946e+03   1.0591750e+03
   1.2441904e+03   1.0989009e+03
   1.3328096e+03   1.0897334e+03
   1.3969821e+03   1.0469517e+03
   1.4580988e+03   9.8583500e+02
   1.4917130e+03   8.7276915e+02
   1.4886571e+03   7.7803830e+02
   1.4489313e+03   7.0164245e+02
   1.3817029e+03   6.5580494e+02
   1.3083629e+03   6.3441410e+02
   1.2289112e+03   6.5886077e+02
   1.2014087e+03   6.6802827e+02
