   1.4051238e+03   7.4937921e+02
   1.4595538e+03   7.6353101e+02
   1.5346672e+03   7.8856882e+02
   1.6032490e+03   8.5061902e+02
   1.6326412e+03   9.3552983e+02
   1.6217552e+03   1.0378582e+03
   1.5890972e+03   1.1412752e+03
   1.5379330e+03   1.2240088e+03
   1.4726170e+03   1.2817047e+03
   1.3485166e+03   1.2762617e+03
   1.2766690e+03   1.2446922e+03
   1.2113530e+03   1.2098570e+03
   1.1874038e+03   1.1543384e+03
   1.1547458e+03   1.0770478e+03
   1.1514800e+03   9.6383343e+02
   1.1765178e+03   8.8109982e+02
   1.2320364e+03   8.0816362e+02
   1.3169472e+03   7.6679681e+02
