   1.1692982e+03   6.5757545e+02
   1.1021118e+03   6.8575041e+02
   1.0219215e+03   7.3776572e+02
   9.5690240e+02   8.2012329e+02
   9.3089475e+02   8.9381164e+02
   9.4173127e+02   9.9350765e+02
   9.6990623e+02   1.0736979e+03
   1.0175869e+03   1.1343825e+03
   1.0826061e+03   1.1842305e+03
   1.1562944e+03   1.2210746e+03
   1.2603250e+03   1.2232419e+03
   1.3578537e+03   1.1842305e+03
   1.4185383e+03   1.1083748e+03
   1.4510478e+03   9.8917305e+02
   1.4510478e+03   8.7864051e+02
   1.4185383e+03   7.8978103e+02
   1.3686903e+03   7.3993302e+02
   1.3166750e+03   6.9008502e+02
   1.2451539e+03   6.6191006e+02
