   1.0445691e+03   7.9739163e+02
   1.0678454e+03   8.0245170e+02
   1.1154102e+03   8.4293231e+02
   1.1467826e+03   8.9049702e+02
   1.1579148e+03   9.5830204e+02
   1.1396985e+03   1.0139629e+03
   1.0982059e+03   1.0696237e+03
   1.0557013e+03   1.1040322e+03
   1.0091486e+03   1.0999842e+03
   9.6057184e+02   1.0756958e+03
   9.3324743e+02   1.0392632e+03
   9.0997108e+02   9.8967451e+02
   9.1199511e+02   9.4818188e+02
   9.1199511e+02   9.0162919e+02
   9.3931952e+02   8.3888425e+02
   1.0020645e+03   7.9637961e+02
