   1.1389178e+03   6.4116807e+02
   1.0875034e+03   6.6259077e+02
   1.0275198e+03   7.2543068e+02
   9.9181532e+02   7.8684241e+02
   9.7039262e+02   8.4396960e+02
   9.6610808e+02   9.0109679e+02
   9.9609986e+02   9.8678758e+02
   1.0318044e+03   1.0424866e+03
   1.0789343e+03   1.0696220e+03
   1.1389178e+03   1.0853320e+03
   1.2117550e+03   1.0824756e+03
   1.3017303e+03   1.0510557e+03
   1.3617139e+03   9.7536214e+02
   1.3959902e+03   9.0966587e+02
   1.3974184e+03   8.0683693e+02
   1.3560012e+03   7.2971522e+02
   1.2903049e+03   6.6544713e+02
   1.2074705e+03   6.3259899e+02
