   1.0730479e+03   6.2911128e+02
   1.0218089e+03   6.9367237e+02
   1.0115612e+03   7.7770428e+02
   1.0002886e+03   8.6173618e+02
   1.0330815e+03   9.6011499e+02
   1.0730479e+03   1.0420973e+03
   1.1417081e+03   1.1066584e+03
   1.2411117e+03   1.1138319e+03
   1.2954250e+03   1.0769398e+03
   1.3466640e+03   1.0328743e+03
   1.4163490e+03   9.9905661e+02
   1.4634888e+03   9.3859463e+02
   1.4850092e+03   8.1664589e+02
   1.4614393e+03   6.9674671e+02
   1.3538374e+03   6.0349179e+02
   1.2523843e+03   5.8299621e+02
   1.1652780e+03   5.9221922e+02
