   1.3969821e+03   1.1325150e+03
   1.4489313e+03   1.0713984e+03
   1.4703221e+03   9.8889084e+02
   1.4733780e+03   9.0638332e+02
   1.4672663e+03   8.2998747e+02
   1.4397638e+03   7.6887079e+02
   1.4153171e+03   7.1386578e+02
   1.3817029e+03   6.8636328e+02
   1.3236421e+03   6.5580494e+02
   1.2503021e+03   6.6191661e+02
   1.2075204e+03   6.9247495e+02
   1.1433479e+03   7.5359162e+02
   1.1097337e+03   7.7803830e+02
   1.0883429e+03   8.3915497e+02
   1.0883429e+03   9.1860666e+02
   1.0975104e+03   1.0011142e+03
   1.1250129e+03   1.0683425e+03
   1.1739062e+03   1.1294592e+03
   1.2380787e+03   1.1752967e+03
   1.3266979e+03   1.1722409e+03
