   1.4458754e+03   6.7719578e+02
   1.3664238e+03   6.6802827e+02
   1.2808604e+03   6.9553078e+02
   1.2136321e+03   7.5970329e+02
   1.1769621e+03   8.5443414e+02
   1.1769621e+03   9.4610916e+02
   1.1983529e+03   1.0102817e+03
   1.2227996e+03   1.1080684e+03
   1.2747487e+03   1.1936317e+03
   1.3542004e+03   1.2333576e+03
   1.4428196e+03   1.2333576e+03
   1.5283830e+03   1.1905759e+03
   1.5742205e+03   1.0989009e+03
   1.6139463e+03   1.0072258e+03
   1.6414488e+03   9.2471832e+02
   1.6231138e+03   8.4221081e+02
   1.5619971e+03   7.6581496e+02
   1.5375505e+03   7.3220079e+02
