   1.3257924e+03   6.2913517e+02
   1.2657279e+03   6.5178243e+02
   1.2027095e+03   7.0495425e+02
   1.1652923e+03   7.6206473e+02
   1.1524916e+03   8.3296049e+02
   1.1534763e+03   9.0484092e+02
   1.1849855e+03   9.8558332e+02
   1.2312647e+03   1.0407245e+03
   1.3376083e+03   1.0879883e+03
   1.4488753e+03   1.0840497e+03
   1.5463570e+03   1.0397398e+03
   1.6074061e+03   9.6293606e+02
   1.6162681e+03   8.5757708e+02
   1.5739276e+03   7.5517208e+02
   1.5059858e+03   6.7541435e+02
   1.4488753e+03   6.3405849e+02
   1.3947188e+03   6.2224253e+02
